4.468750000000000000e+00
4.096875190734863281e+00
3.487499952316284180e+00
3.278125047683715820e+00
3.478125095367431641e+00
3.459374904632568359e+00
3.337500095367431641e+00
3.178124904632568359e+00
3.296875000000000000e+00
3.212500095367431641e+00
3.206249952316284180e+00
3.340625047683715820e+00
3.237499952316284180e+00
3.103125095367431641e+00
3.506249904632568359e+00
3.462500095367431641e+00
3.240624904632568359e+00
3.346874952316284180e+00
3.084374904632568359e+00
3.228125095367431641e+00
3.371875047683715820e+00
3.471874952316284180e+00
4.209374904632568359e+00
3.928124904632568359e+00
3.750000000000000000e+00
4.156250000000000000e+00
4.012499809265136719e+00
3.809375047683715820e+00
3.809375047683715820e+00
3.721874952316284180e+00
3.690624952316284180e+00
3.534374952316284180e+00
3.450000047683715820e+00
3.237499952316284180e+00
3.178124904632568359e+00
3.521874904632568359e+00
3.421875000000000000e+00
3.456249952316284180e+00
3.287499904632568359e+00
3.443749904632568359e+00
3.293750047683715820e+00
3.128124952316284180e+00
3.125000000000000000e+00
3.196875095367431641e+00
3.174999952316284180e+00
3.181250095367431641e+00
3.440624952316284180e+00
3.343750000000000000e+00
3.265625000000000000e+00
3.281250000000000000e+00
3.187500000000000000e+00
3.312500000000000000e+00
3.240624904632568359e+00
3.209374904632568359e+00
3.618750095367431641e+00
3.534374952316284180e+00
3.384375095367431641e+00
3.634375095367431641e+00
3.656250000000000000e+00
3.506249904632568359e+00
3.312500000000000000e+00
3.325000047683715820e+00
3.349999904632568359e+00
3.178124904632568359e+00
3.196875095367431641e+00
3.109375000000000000e+00
3.212500095367431641e+00
3.378124952316284180e+00
3.168750047683715820e+00
3.168750047683715820e+00
2.818749904632568359e+00
2.400000095367431641e+00
2.343750000000000000e+00
2.353125095367431641e+00
2.746875047683715820e+00
2.671875000000000000e+00
2.618750095367431641e+00
2.490624904632568359e+00
2.621875047683715820e+00
2.674999952316284180e+00
2.643749952316284180e+00
2.759375095367431641e+00
2.996875047683715820e+00
2.806250095367431641e+00
2.706249952316284180e+00
2.753124952316284180e+00
2.924999952316284180e+00
2.800781011581420898e+00
2.812500000000000000e+00
2.665625095367431641e+00
2.743750095367431641e+00
2.687500000000000000e+00
2.803124904632568359e+00
2.953125000000000000e+00
3.049999952316284180e+00
2.768749952316284180e+00
2.631249904632568359e+00
2.593750000000000000e+00
2.334374904632568359e+00
2.428124904632568359e+00
2.275000095367431641e+00
2.325000047683715820e+00
2.587500095367431641e+00
2.415625095367431641e+00
2.509375095367431641e+00
2.893749952316284180e+00
2.724999904632568359e+00
2.528125047683715820e+00
2.590625047683715820e+00
2.593750000000000000e+00
2.609375000000000000e+00
2.421875000000000000e+00
2.450000047683715820e+00
2.321875095367431641e+00
2.315624952316284180e+00
2.299999952316284180e+00
2.265625000000000000e+00
2.306250095367431641e+00
2.303124904632568359e+00
2.099999904632568359e+00
1.693750023841857910e+00
1.696874976158142090e+00
1.825000047683715820e+00
1.893749952316284180e+00
1.856250047683715820e+00
1.815624952316284180e+00
1.850000023841857910e+00
1.825000047683715820e+00
1.803125023841857910e+00
1.806249976158142090e+00
1.753124952316284180e+00
1.656250000000000000e+00
1.753124952316284180e+00
1.750000000000000000e+00
2.131249904632568359e+00
2.056250095367431641e+00
2.087500095367431641e+00
2.043750047683715820e+00
2.015625000000000000e+00
2.056250095367431641e+00
1.937500000000000000e+00
1.881250023841857910e+00
1.803125023841857910e+00
1.568750023841857910e+00
1.500000000000000000e+00
1.506250023841857910e+00
1.512500047683715820e+00
1.540624976158142090e+00
1.575000047683715820e+00
1.625000000000000000e+00
1.690624952316284180e+00
1.646875023841857910e+00
1.543750047683715820e+00
1.521875023841857910e+00
1.684375047683715820e+00
1.743749976158142090e+00
1.878124952316284180e+00
1.931249976158142090e+00
1.912500023841857910e+00
1.950000047683715820e+00
1.875000000000000000e+00
1.825000047683715820e+00
1.940624952316284180e+00
1.968750000000000000e+00
1.996875047683715820e+00
1.956249952316284180e+00
1.981250047683715820e+00
2.146874904632568359e+00
2.075000047683715820e+00
2.075000047683715820e+00
2.284374952316284180e+00
2.293750047683715820e+00
2.174999952316284180e+00
2.146874904632568359e+00
2.118750095367431641e+00
2.134375095367431641e+00
2.121875047683715820e+00
2.243750095367431641e+00
2.181250095367431641e+00
2.140625000000000000e+00
2.037499904632568359e+00
1.875000000000000000e+00
2.003124952316284180e+00
2.071875095367431641e+00
2.018749952316284180e+00
1.987499952316284180e+00
1.893749952316284180e+00
2.000000000000000000e+00
1.921875000000000000e+00
1.793750047683715820e+00
1.753124952316284180e+00
1.799999952316284180e+00
1.678125023841857910e+00
1.578125000000000000e+00
1.503124952316284180e+00
1.521875023841857910e+00
1.390625000000000000e+00
1.256250023841857910e+00
1.421875000000000000e+00
1.215625047683715820e+00
1.096874952316284180e+00
1.256250023841857910e+00
1.387500047683715820e+00
1.540624976158142090e+00
1.500000000000000000e+00
1.478124976158142090e+00
1.593750000000000000e+00
1.843750000000000000e+00
1.781250000000000000e+00
1.643749952316284180e+00
1.831249952316284180e+00
1.868749976158142090e+00
1.987499952316284180e+00
1.878124952316284180e+00
1.828125000000000000e+00
1.846874952316284180e+00
1.693750023841857910e+00
1.562500000000000000e+00
1.503124952316284180e+00
1.390625000000000000e+00
1.446874976158142090e+00
1.475000023841857910e+00
1.390625000000000000e+00
1.371875047683715820e+00
1.290624976158142090e+00
1.212499976158142090e+00
1.259374976158142090e+00
1.446874976158142090e+00
1.399999976158142090e+00
1.251562952995300293e+00
1.346874952316284180e+00
1.234375000000000000e+00
1.231250047683715820e+00
1.328125000000000000e+00
1.268749952316284180e+00
1.181249976158142090e+00
1.068750023841857910e+00
1.171875000000000000e+00
1.265625000000000000e+00
1.293750047683715820e+00
1.187500000000000000e+00
1.134374976158142090e+00
1.143749952316284180e+00
9.937499761581420898e-01
9.125000238418579102e-01
8.343750238418579102e-01
7.593749761581420898e-01
7.781249880790710449e-01
8.468750119209289551e-01
8.437500000000000000e-01
8.687499761581420898e-01
7.781249880790710449e-01
6.937500238418579102e-01
8.781250119209289551e-01
7.749999761581420898e-01
7.281249761581420898e-01
7.468749880790710449e-01
8.187500238418579102e-01
8.249999880790710449e-01
8.500000238418579102e-01
8.843749761581420898e-01
9.031249880790710449e-01
9.187499880790710449e-01
9.750000238418579102e-01
9.968749880790710449e-01
9.250000119209289551e-01
9.476559758186340332e-01
1.093750000000000000e+00
9.499999880790710449e-01
9.750000238418579102e-01
1.006250023841857910e+00
9.468749761581420898e-01
8.656250238418579102e-01
8.125000000000000000e-01
7.187500000000000000e-01
7.218750119209289551e-01
7.906249761581420898e-01
7.500000000000000000e-01
7.187500000000000000e-01
6.687499880790710449e-01
7.250000238418579102e-01
6.875000000000000000e-01
7.218750119209289551e-01
7.250000238418579102e-01
6.843749880790710449e-01
6.250000000000000000e-01
5.968750119209289551e-01
5.968750119209289551e-01
5.906249880790710449e-01
5.968750119209289551e-01
5.874999761581420898e-01
5.093749761581420898e-01
5.218750238418579102e-01
5.000000000000000000e-01
6.312500238418579102e-01
5.937500000000000000e-01
6.125000119209289551e-01
5.843750238418579102e-01
6.125000119209289551e-01
5.312500000000000000e-01
5.500000119209289551e-01
5.312500000000000000e-01
5.437499880790710449e-01
5.500000119209289551e-01
5.249999761581420898e-01
5.124999880790710449e-01
5.000000000000000000e-01
5.093749761581420898e-01
5.093749761581420898e-01
5.469999909400939941e-01
5.820000171661376953e-01
5.400000214576721191e-01
5.000000000000000000e-01
5.115000009536743164e-01
4.550000131130218506e-01
4.314999878406524658e-01
4.199999868869781494e-01
4.560000002384185791e-01
4.185000061988830566e-01
5.590000152587890625e-01
6.004999876022338867e-01
6.660000085830688477e-01
7.335000038146972656e-01
7.014999985694885254e-01
7.369999885559082031e-01
8.270000219345092773e-01
7.994999885559082031e-01
7.889999747276306152e-01
8.100000023841857910e-01
7.839999794960021973e-01
8.044999837875366211e-01
7.714999914169311523e-01
7.634999752044677734e-01
7.889999747276306152e-01
8.445000052452087402e-01
8.554999828338623047e-01
8.374999761581420898e-01
8.780000209808349609e-01
8.460000157356262207e-01
8.090000152587890625e-01
7.505000233650207520e-01
7.310000061988830566e-01
7.340000271797180176e-01
6.664999723434448242e-01
6.769999861717224121e-01
7.064999938011169434e-01
7.390000224113464355e-01
7.360000014305114746e-01
8.190000057220458984e-01
8.125000000000000000e-01
7.799999713897705078e-01
8.374999761581420898e-01
8.544999957084655762e-01
8.610000014305114746e-01
7.829999923706054688e-01
8.345000147819519043e-01
8.475000262260437012e-01
8.454999923706054688e-01
8.220000267028808594e-01
7.994999885559082031e-01
8.065000176429748535e-01
7.850000262260437012e-01
7.429999709129333496e-01
7.319999933242797852e-01
7.059999704360961914e-01
6.644999980926513672e-01
6.244999766349792480e-01
5.914999842643737793e-01
5.680000185966491699e-01
6.265000104904174805e-01
6.539999842643737793e-01
6.200000047683715820e-01
6.405000090599060059e-01
6.625000238418579102e-01
7.020000219345092773e-01
7.179999947547912598e-01
7.074999809265136719e-01
7.264999747276306152e-01
7.064999938011169434e-01
7.634999752044677734e-01
7.634999752044677734e-01
7.904999852180480957e-01
7.804999947547912598e-01
7.670000195503234863e-01
8.245000243186950684e-01
8.489999771118164062e-01
8.004999756813049316e-01
8.174999952316284180e-01
7.979999780654907227e-01
8.245000243186950684e-01
8.489999771118164062e-01
8.015000224113464355e-01
6.029999852180480957e-01
5.755000114440917969e-01
6.165000200271606445e-01
6.125000119209289551e-01
6.274999976158142090e-01
6.244999766349792480e-01
6.250000000000000000e-01
6.094999909400939941e-01
6.075000166893005371e-01
5.950000286102294922e-01
5.799999833106994629e-01
5.554999709129333496e-01
5.230000019073486328e-01
4.975000023841857910e-01
5.059999823570251465e-01
5.264999866485595703e-01
5.040000081062316895e-01
4.905000030994415283e-01
4.995000064373016357e-01
5.199999809265136719e-01
4.945000112056732178e-01
5.099999904632568359e-01
4.814999997615814209e-01
5.115000009536743164e-01
5.065000057220458984e-01
4.984999895095825195e-01
4.595000147819519043e-01
4.345000088214874268e-01
4.469999969005584717e-01
4.295000135898590088e-01
3.824999928474426270e-01
4.074999988079071045e-01
4.255000054836273193e-01
4.314999878406524658e-01
3.745000064373016357e-01
3.644999861717224121e-01
3.655000030994415283e-01
3.740000128746032715e-01
3.740000128746032715e-01
3.729999959468841553e-01
3.544999957084655762e-01
3.174999952316284180e-01
3.100000023841857910e-01
2.985000014305114746e-01
3.005000054836273193e-01
3.039999902248382568e-01
3.379999995231628418e-01
3.519999980926513672e-01
3.600000143051147461e-01
3.560000061988830566e-01
3.454999923706054688e-01
3.630000054836273193e-01
3.925000131130218506e-01
4.034999907016754150e-01
4.440000057220458984e-01
4.779999852180480957e-01
4.460000097751617432e-01
4.235000014305114746e-01
4.004999995231628418e-01
4.384999871253967285e-01
4.774999916553497314e-01
3.819999992847442627e-01
3.885000050067901611e-01
3.779999911785125732e-01
3.524999916553497314e-01
3.210000097751617432e-01
3.490000069141387939e-01
3.474999964237213135e-01
3.355000019073486328e-01
3.495000004768371582e-01
3.524999916553497314e-01
3.714999854564666748e-01
3.485000133514404297e-01
3.560000061988830566e-01
3.524999916553497314e-01
3.644999861717224121e-01
4.745000004768371582e-01
4.524999856948852539e-01
4.474999904632568359e-01
4.595000147819519043e-01
4.300000071525573730e-01
4.399999976158142090e-01
4.539999961853027344e-01
6.104999780654907227e-01
5.740000009536743164e-01
5.795000195503234863e-01
5.575000047683715820e-01
5.659999847412109375e-01
5.245000123977661133e-01
5.964999794960021973e-01
5.879999995231628418e-01
6.050000190734863281e-01
5.855000019073486328e-01
5.824999809265136719e-01
6.119999885559082031e-01
5.954999923706054688e-01
5.444999933242797852e-01
5.500000119209289551e-01
5.404999852180480957e-01
5.429999828338623047e-01
5.354999899864196777e-01
5.074999928474426270e-01
5.000000000000000000e-01
4.914999902248382568e-01
5.550000071525573730e-01
5.299999713897705078e-01
5.450000166893005371e-01
5.410000085830688477e-01
5.479999780654907227e-01
5.950000286102294922e-01
6.125000119209289551e-01
6.169999837875366211e-01
5.924999713897705078e-01
5.764999985694885254e-01
5.519999861717224121e-01
5.515000224113464355e-01
5.055000185966491699e-01
5.145000219345092773e-01
4.564999938011169434e-01
4.869999885559082031e-01
5.080000162124633789e-01
6.299999952316284180e-01
6.234999895095825195e-01
7.005000114440917969e-01
7.220000028610229492e-01
7.749999761581420898e-01
7.110000252723693848e-01
6.949999928474426270e-01
7.095000147819519043e-01
6.865000128746032715e-01
6.265000104904174805e-01
5.749999880790710449e-01
5.630000233650207520e-01
5.619999766349792480e-01
6.259999871253967285e-01
6.650000214576721191e-01
6.449999809265136719e-01
6.644999980926513672e-01
6.940000057220458984e-01
6.704999804496765137e-01
6.504999995231628418e-01
6.480000019073486328e-01
6.629999876022338867e-01
6.535000205039978027e-01
6.865000128746032715e-01
7.200000286102294922e-01
7.135000228881835938e-01
7.049999833106994629e-01
7.695000171661376953e-01
8.240000009536743164e-01
7.985000014305114746e-01
8.165000081062316895e-01
7.810000181198120117e-01
8.174999952316284180e-01
8.355000019073486328e-01
8.155000209808349609e-01
7.870000004768371582e-01
7.239999771118164062e-01
7.014999985694885254e-01
7.505000233650207520e-01
7.329999804496765137e-01
7.250000238418579102e-01
7.584999799728393555e-01
7.764999866485595703e-01
7.369999885559082031e-01
7.415000200271606445e-01
7.124999761581420898e-01
7.149999737739562988e-01
7.400000095367431641e-01
7.124999761581420898e-01
6.834999918937683105e-01
6.769999861717224121e-01
6.750000119209289551e-01
6.974999904632568359e-01
6.800000071525573730e-01
6.740000247955322266e-01
6.370000243186950684e-01
6.654999852180480957e-01
6.945000290870666504e-01
7.005000114440917969e-01
7.409999966621398926e-01
7.129999995231628418e-01
7.264999747276306152e-01
7.154999971389770508e-01
7.030000090599060059e-01
8.395000100135803223e-01
8.410000205039978027e-01
8.454999923706054688e-01
8.090000152587890625e-01
8.345000147819519043e-01
8.245000243186950684e-01
8.159999847412109375e-01
8.025000095367431641e-01
8.059999942779541016e-01
8.054999709129333496e-01
8.659999966621398926e-01
8.865000009536743164e-01
8.470000028610229492e-01
8.659999966621398926e-01
9.405000209808349609e-01
9.969999790191650391e-01
9.804999828338623047e-01
9.580000042915344238e-01
9.695000052452087402e-01
9.380000233650207520e-01
9.375000000000000000e-01
9.725000262260437012e-01
9.735000133514404297e-01
9.530000090599060059e-01
9.455000162124633789e-01
9.185000061988830566e-01
9.114999771118164062e-01
8.980000019073486328e-01
8.985000252723693848e-01
8.995000123977661133e-01
9.085000157356262207e-01
9.290000200271606445e-01
8.650000095367431641e-01
8.569999933242797852e-01
8.539999723434448242e-01
8.715000152587890625e-01
8.410000205039978027e-01
9.204999804496765137e-01
9.390000104904174805e-01
9.150000214576721191e-01
8.774999976158142090e-01
8.765000104904174805e-01
8.755000233650207520e-01
7.670000195503234863e-01
7.925000190734863281e-01
7.929999828338623047e-01
8.125000000000000000e-01
6.775000095367431641e-01
6.660000085830688477e-01
7.124999761581420898e-01
7.605000138282775879e-01
7.469999790191650391e-01
7.799999713897705078e-01
7.480000257492065430e-01
7.774999737739562988e-01
7.714999914169311523e-01
7.969999909400939941e-01
8.144999742507934570e-01
8.080000281333923340e-01
7.774999737739562988e-01
7.645000219345092773e-01
7.749999761581420898e-01
7.275000214576721191e-01
7.049999833106994629e-01
6.244999766349792480e-01
6.464999914169311523e-01
7.164999842643737793e-01
7.384999990463256836e-01
7.225000262260437012e-01
7.080000042915344238e-01
6.919999718666076660e-01
6.434999704360961914e-01
6.869999766349792480e-01
6.800000071525573730e-01
6.949999928474426270e-01
7.129999995231628418e-01
7.229999899864196777e-01
6.965000033378601074e-01
6.955000162124633789e-01
7.310000061988830566e-01
7.450000047683715820e-01
7.749999761581420898e-01
7.990000247955322266e-01
7.689999938011169434e-01
7.864999771118164062e-01
7.584999799728393555e-01
7.465000152587890625e-01
7.260000109672546387e-01
7.285000085830688477e-01
7.570000290870666504e-01
7.469999790191650391e-01
7.300000190734863281e-01
7.415000200271606445e-01
7.124999761581420898e-01
7.655000090599060059e-01
8.255000114440917969e-01
8.565000295639038086e-01
8.554999828338623047e-01
8.374999761581420898e-01
8.305000066757202148e-01
8.355000019073486328e-01
8.675000071525573730e-01
8.865000009536743164e-01
8.604999780654907227e-01
7.929999828338623047e-01
8.025000095367431641e-01
7.965000271797180176e-01
7.864999771118164062e-01
8.575000166893005371e-01
8.504999876022338867e-01
7.965000271797180176e-01
8.475000262260437012e-01
8.504999876022338867e-01
8.374999761581420898e-01
8.274999856948852539e-01
8.320000171661376953e-01
8.470000028610229492e-01
8.429999947547912598e-01
8.980000019073486328e-01
9.229999780654907227e-01
9.599999785423278809e-01
9.470000267028808594e-01
9.745000004768371582e-01
9.369999766349792480e-01
9.520000219345092773e-01
9.629999995231628418e-01
9.689999818801879883e-01
9.875000119209289551e-01
9.929999709129333496e-01
9.649999737739562988e-01
9.294999837875366211e-01
9.284999966621398926e-01
9.539999961853027344e-01
9.679999947547912598e-01
9.900000095367431641e-01
9.390000104904174805e-01
9.359999895095825195e-01
9.670000076293945312e-01
9.559999704360961914e-01
9.754999876022338867e-01
9.499999880790710449e-01
9.909999966621398926e-01
1.020499944686889648e+00
1.060500025749206543e+00
1.110499978065490723e+00
1.121000051498413086e+00
1.064499974250793457e+00
1.144999980926513672e+00
1.169999957084655762e+00
1.199499964714050293e+00
1.212499976158142090e+00
1.169999957084655762e+00
1.203999996185302734e+00
1.167500019073486328e+00
1.205500006675720215e+00
1.187000036239624023e+00
1.169499993324279785e+00
1.128999948501586914e+00
1.130499958992004395e+00
1.083999991416931152e+00
1.093000054359436035e+00
1.106500029563903809e+00
1.115000009536743164e+00
1.108999967575073242e+00
1.125499963760375977e+00
1.123000025749206543e+00
1.105000019073486328e+00
1.084499955177307129e+00
1.096500039100646973e+00
1.111999988555908203e+00
1.093999981880187988e+00
1.014999985694885254e+00
9.430000185966491699e-01
9.624999761581420898e-01
9.445000290870666504e-01
9.785000085830688477e-01
1.026000022888183594e+00
1.034999966621398926e+00
1.077499985694885254e+00
1.050999999046325684e+00
1.072499990463256836e+00
1.065999984741210938e+00
1.101999998092651367e+00
1.136999964714050293e+00
1.113499999046325684e+00
1.090000033378601074e+00
1.070000052452087402e+00
1.054000020027160645e+00
1.058500051498413086e+00
1.089499950408935547e+00
1.105499982833862305e+00
1.088999986648559570e+00
1.080999970436096191e+00
1.103999972343444824e+00
1.090999960899353027e+00
1.092499971389770508e+00
1.108000040054321289e+00
1.102499961853027344e+00
1.108500003814697266e+00
1.104500055313110352e+00
1.072000026702880859e+00
1.070000052452087402e+00
1.039000034332275391e+00
1.056499958038330078e+00
1.003000020980834961e+00
1.003000020980834961e+00
1.069499969482421875e+00
1.059499979019165039e+00
1.067999958992004395e+00
1.088999986648559570e+00
1.088999986648559570e+00
1.093999981880187988e+00
1.082000017166137695e+00
1.080999970436096191e+00
1.100499987602233887e+00
1.090499997138977051e+00
1.113499999046325684e+00
1.121000051498413086e+00
1.134500026702880859e+00
1.148499965667724609e+00
1.144000053405761719e+00
1.139000058174133301e+00
1.167999982833862305e+00
1.220999956130981445e+00
1.235499978065490723e+00
1.327499985694885254e+00
1.338999986648559570e+00
1.327000021934509277e+00
1.372499942779541016e+00
1.396499991416931152e+00
1.311499953269958496e+00
1.345000028610229492e+00
1.388000011444091797e+00
1.388499975204467773e+00
1.358999967575073242e+00
1.301499962806701660e+00
1.276999950408935547e+00
1.319000005722045898e+00
1.332499980926513672e+00
1.310999989509582520e+00
1.340999960899353027e+00
1.325999975204467773e+00
1.253000020980834961e+00
1.283499956130981445e+00
1.287500023841857910e+00
1.252500057220458984e+00
1.256500005722045898e+00
1.218999981880187988e+00
1.249500036239624023e+00
1.262500047683715820e+00
1.279000043869018555e+00
1.271499991416931152e+00
1.256000041961669922e+00
1.448500037193298340e+00
1.455500006675720215e+00
1.444499969482421875e+00
1.434499979019165039e+00
1.432999968528747559e+00
1.471500039100646973e+00
1.498000025749206543e+00
1.544000029563903809e+00
1.534999966621398926e+00
1.522500038146972656e+00
1.547999978065490723e+00
1.585000038146972656e+00
1.647500038146972656e+00
1.629999995231628418e+00
1.631500005722045898e+00
1.652500033378601074e+00
1.577999949455261230e+00
1.574000000953674316e+00
1.587499976158142090e+00
1.649999976158142090e+00
1.636000037193298340e+00
1.742499947547912598e+00
1.743000030517578125e+00
1.777500033378601074e+00
1.794499993324279785e+00
1.769999980926513672e+00
1.761500000953674316e+00
1.769500017166137695e+00
1.776000022888183594e+00
1.667500019073486328e+00
1.684000015258789062e+00
1.703500032424926758e+00
1.732499957084655762e+00
1.759999990463256836e+00
1.706500053405761719e+00
1.792000055313110352e+00
1.792000055313110352e+00
1.792500019073486328e+00
1.774999976158142090e+00
1.751999974250793457e+00
1.779000043869018555e+00
1.769999980926513672e+00
1.769500017166137695e+00
1.835999965667724609e+00
1.815000057220458984e+00
1.815999984741210938e+00
1.862499952316284180e+00
1.892500042915344238e+00
1.896000027656555176e+00
1.952499985694885254e+00
2.025500059127807617e+00
2.025000095367431641e+00
1.912500023841857910e+00
1.882500052452087402e+00
1.963500022888183594e+00
1.921499967575073242e+00
1.883999943733215332e+00
1.815999984741210938e+00
1.748999953269958496e+00
1.766499996185302734e+00
1.743499994277954102e+00
2.005500078201293945e+00
2.065500020980834961e+00
2.079999923706054688e+00
2.104000091552734375e+00
2.069499969482421875e+00
2.032999992370605469e+00
2.082000017166137695e+00
2.001499891281127930e+00
1.982499957084655762e+00
1.933500051498413086e+00
1.947000026702880859e+00
1.950500011444091797e+00
1.957499980926513672e+00
1.946499943733215332e+00
1.992499947547912598e+00
2.010499954223632812e+00
2.015000104904174805e+00
2.005000114440917969e+00
2.151000022888183594e+00
2.178499937057495117e+00
2.187999963760375977e+00
2.285000085830688477e+00
2.260999917984008789e+00
2.292500019073486328e+00
2.296499967575073242e+00
2.293999910354614258e+00
2.296999931335449219e+00
2.315999984741210938e+00
2.366499900817871094e+00
2.309499979019165039e+00
2.364500045776367188e+00
2.325999975204467773e+00
2.364000082015991211e+00
2.334000110626220703e+00
2.311000108718872070e+00
2.259500026702880859e+00
2.283999919891357422e+00
2.275500059127807617e+00
2.312000036239624023e+00
2.308000087738037109e+00
2.394500017166137695e+00
2.378999948501586914e+00
2.373500108718872070e+00
2.522000074386596680e+00
2.480499982833862305e+00
2.502500057220458984e+00
2.427999973297119141e+00
2.493000030517578125e+00
2.421499967575073242e+00
2.456000089645385742e+00
2.504499912261962891e+00
2.644500017166137695e+00
2.707499980926513672e+00
2.745500087738037109e+00
2.785000085830688477e+00
2.892999887466430664e+00
2.903000116348266602e+00
2.914999961853027344e+00
2.995500087738037109e+00
2.927500009536743164e+00
2.995500087738037109e+00
2.984499931335449219e+00
2.979500055313110352e+00
2.967499971389770508e+00
2.701499938964843750e+00
2.716000080108642578e+00
2.725500106811523438e+00
2.740999937057495117e+00
2.836499929428100586e+00
2.834500074386596680e+00
2.791500091552734375e+00
2.721499919891357422e+00
2.836999893188476562e+00
2.842999935150146484e+00
2.836999893188476562e+00
2.749500036239624023e+00
2.715500116348266602e+00
2.598999977111816406e+00
2.611500024795532227e+00
2.706500053405761719e+00
2.740000009536743164e+00
2.622499942779541016e+00
2.517999887466430664e+00
2.424999952316284180e+00
2.476500034332275391e+00
2.442500114440917969e+00
2.428999900817871094e+00
2.566499948501586914e+00
2.623500108718872070e+00
2.648000001907348633e+00
2.698499917984008789e+00
2.732500076293945312e+00
2.696500062942504883e+00
2.575500011444091797e+00
2.589999914169311523e+00
2.578000068664550781e+00
2.553999900817871094e+00
2.467000007629394531e+00
2.460000038146972656e+00
2.539999961853027344e+00
2.549499988555908203e+00
2.520499944686889648e+00
2.474999904632568359e+00
2.378999948501586914e+00
2.437500000000000000e+00
2.461999893188476562e+00
2.494499921798706055e+00
2.624000072479248047e+00
2.665999889373779297e+00
2.673500061035156250e+00
2.673500061035156250e+00
2.641499996185302734e+00
2.631000041961669922e+00
2.595000028610229492e+00
2.663500070571899414e+00
2.651499986648559570e+00
2.595000028610229492e+00
2.512000083923339844e+00
2.579499959945678711e+00
2.647500038146972656e+00
2.745500087738037109e+00
2.789999961853027344e+00
2.809000015258789062e+00
2.786000013351440430e+00
2.830499887466430664e+00
2.809999942779541016e+00
2.858999967575073242e+00
2.855499982833862305e+00
2.851500034332275391e+00
2.786999940872192383e+00
2.598000049591064453e+00
2.460999965667724609e+00
2.519999980926513672e+00
2.413500070571899414e+00
2.246999979019165039e+00
2.269500017166137695e+00
2.302000045776367188e+00
2.317500114440917969e+00
2.292999982833862305e+00
2.279500007629394531e+00
2.357000112533569336e+00
2.352999925613403320e+00
2.319000005722045898e+00
2.276499986648559570e+00
2.243499994277954102e+00
2.232500076293945312e+00
2.258500099182128906e+00
2.198499917984008789e+00
2.115999937057495117e+00
2.147000074386596680e+00
2.182499885559082031e+00
2.150500059127807617e+00
2.148499965667724609e+00
2.100500106811523438e+00
2.158499956130981445e+00
2.219500064849853516e+00
2.204499959945678711e+00
2.174999952316284180e+00
2.135499954223632812e+00
2.077500104904174805e+00
2.063999891281127930e+00
2.121999979019165039e+00
2.053999900817871094e+00
2.106499910354614258e+00
2.140000104904174805e+00
2.150500059127807617e+00
2.140000104904174805e+00
2.042500019073486328e+00
2.011499881744384766e+00
1.981500029563903809e+00
2.099499940872192383e+00
2.085000038146972656e+00
2.138000011444091797e+00
2.190000057220458984e+00
2.164000034332275391e+00
2.236999988555908203e+00
2.304500102996826172e+00
2.348000049591064453e+00
2.322000026702880859e+00
2.292500019073486328e+00
2.404999971389770508e+00
2.398000001907348633e+00
2.328999996185302734e+00
2.339499950408935547e+00
2.349499940872192383e+00
2.275000095367431641e+00
2.355499982833862305e+00
2.259999990463256836e+00
2.286000013351440430e+00
2.443000078201293945e+00
2.314500093460083008e+00
2.362499952316284180e+00
2.400000095367431641e+00
2.348500013351440430e+00
2.309499979019165039e+00
2.180000066757202148e+00
2.220499992370605469e+00
2.197499990463256836e+00
2.213000059127807617e+00
2.157000064849853516e+00
2.095000028610229492e+00
2.062999963760375977e+00
2.134999990463256836e+00
2.151000022888183594e+00
2.180500030517578125e+00
2.152499914169311523e+00
2.104000091552734375e+00
2.099499940872192383e+00
2.084500074386596680e+00
2.049000024795532227e+00
2.058500051498413086e+00
2.081500053405761719e+00
2.180999994277954102e+00
2.234499931335449219e+00
2.381000041961669922e+00
2.424999952316284180e+00
2.511499881744384766e+00
2.517499923706054688e+00
2.470000028610229492e+00
2.547499895095825195e+00
2.588000059127807617e+00
2.596999883651733398e+00
2.512000083923339844e+00
2.496999979019165039e+00
2.462500095367431641e+00
2.505500078201293945e+00
2.528500080108642578e+00
2.488500118255615234e+00
2.480000019073486328e+00
2.488500118255615234e+00
2.450000047683715820e+00
2.540499925613403320e+00
2.551000118255615234e+00
2.589999914169311523e+00
2.669500112533569336e+00
2.685499906539916992e+00
2.720000028610229492e+00
2.628000020980834961e+00
2.629499912261962891e+00
2.562000036239624023e+00
2.549999952316284180e+00
2.474999904632568359e+00
2.415999889373779297e+00
2.452500104904174805e+00
2.480000019073486328e+00
2.474999904632568359e+00
2.433500051498413086e+00
2.355000019073486328e+00
2.301000118255615234e+00
2.349499940872192383e+00
2.237999916076660156e+00
2.290999889373779297e+00
1.998999953269958496e+00
1.939000010490417480e+00
1.955500006675720215e+00
1.898499965667724609e+00
1.929000020027160645e+00
1.945999979972839355e+00
1.914999961853027344e+00
1.880499958992004395e+00
1.855999946594238281e+00
1.780500054359436035e+00
1.774500012397766113e+00
1.766000032424926758e+00
1.855000019073486328e+00
1.827999949455261230e+00
1.814499974250793457e+00
1.806499958038330078e+00
1.897500038146972656e+00
1.911499977111816406e+00
1.968000054359436035e+00
1.931499958038330078e+00
1.975499987602233887e+00
1.972499966621398926e+00
1.952499985694885254e+00
2.015000104904174805e+00
2.009500026702880859e+00
1.995000004768371582e+00
1.915500044822692871e+00
1.906999945640563965e+00
1.911999940872192383e+00
1.958999991416931152e+00
1.937000036239624023e+00
1.925500035285949707e+00
1.900500059127807617e+00
1.903499960899353027e+00
1.928500056266784668e+00
2.000499963760375977e+00
2.133500099182128906e+00
2.110500097274780273e+00
2.128499984741210938e+00
2.148000001907348633e+00
2.163500070571899414e+00
2.164499998092651367e+00
2.069000005722045898e+00
2.091500043869018555e+00
2.046999931335449219e+00
1.996500015258789062e+00
1.971500039100646973e+00
2.042000055313110352e+00
2.042999982833862305e+00
2.023499965667724609e+00
2.050499916076660156e+00
2.048000097274780273e+00
2.068000078201293945e+00
2.057499885559082031e+00
2.000000000000000000e+00
2.007499933242797852e+00
2.010999917984008789e+00
1.998999953269958496e+00
1.955000042915344238e+00
1.927500009536743164e+00
1.963500022888183594e+00
1.916499972343444824e+00
1.917500019073486328e+00
1.973500013351440430e+00
1.730000019073486328e+00
1.698500037193298340e+00
1.691499948501586914e+00
1.711500048637390137e+00
1.722499966621398926e+00
1.706500053405761719e+00
1.754999995231628418e+00
1.812000036239624023e+00
1.796000003814697266e+00
1.845499992370605469e+00
1.827999949455261230e+00
1.866000056266784668e+00
1.870000004768371582e+00
1.904500007629394531e+00
1.941499948501586914e+00
2.023000001907348633e+00
2.044500112533569336e+00
2.003499984741210938e+00
1.995000004768371582e+00
2.018500089645385742e+00
1.927500009536743164e+00
1.902500033378601074e+00
1.915500044822692871e+00
1.937500000000000000e+00
1.954499959945678711e+00
1.947000026702880859e+00
1.983999967575073242e+00
1.998999953269958496e+00
2.008500099182128906e+00
2.004499912261962891e+00
1.974499940872192383e+00
1.909999966621398926e+00
1.935999989509582520e+00
1.991000056266784668e+00
1.952499985694885254e+00
1.991500020027160645e+00
2.022000074386596680e+00
2.049999952316284180e+00
2.002500057220458984e+00
2.000499963760375977e+00
1.947499990463256836e+00
1.969499945640563965e+00
1.975999951362609863e+00
1.946499943733215332e+00
2.112499952316284180e+00
2.231499910354614258e+00
2.240999937057495117e+00
2.248500108718872070e+00
2.214499950408935547e+00
2.226000070571899414e+00
2.107000112533569336e+00
2.088500022888183594e+00
2.052500009536743164e+00
2.115999937057495117e+00
2.092000007629394531e+00
2.082000017166137695e+00
2.115000009536743164e+00
2.130000114440917969e+00
2.227499961853027344e+00
2.229000091552734375e+00
2.197999954223632812e+00
2.118000030517578125e+00
2.058000087738037109e+00
2.019000053405761719e+00
2.046999931335449219e+00
2.066999912261962891e+00
2.115499973297119141e+00
2.111000061035156250e+00
2.161000013351440430e+00
2.124000072479248047e+00
2.094000101089477539e+00
1.787500023841857910e+00
1.786000013351440430e+00
1.784500002861022949e+00
1.815000057220458984e+00
1.794499993324279785e+00
1.789000034332275391e+00
1.789000034332275391e+00
1.801499962806701660e+00
1.807000041007995605e+00
1.782999992370605469e+00
1.784500002861022949e+00
1.765499949455261230e+00
1.735999941825866699e+00
1.707000017166137695e+00
1.734500050544738770e+00
1.749500036239624023e+00
1.758999943733215332e+00
1.769500017166137695e+00
1.774999976158142090e+00
1.782500028610229492e+00
1.792500019073486328e+00
1.815999984741210938e+00
1.791499972343444824e+00
1.769999980926513672e+00
1.745499968528747559e+00
1.737499952316284180e+00
1.730000019073486328e+00
1.708999991416931152e+00
1.693500041961669922e+00
1.698500037193298340e+00
1.707999944686889648e+00
1.683500051498413086e+00
1.657500028610229492e+00
1.659000039100646973e+00
1.644000053405761719e+00
1.669499993324279785e+00
1.671499967575073242e+00
1.715999960899353027e+00
1.713500022888183594e+00
1.700500011444091797e+00
1.750000000000000000e+00
1.764000058174133301e+00
1.741000056266784668e+00
1.745000004768371582e+00
1.730000019073486328e+00
1.730000019073486328e+00
1.731500029563903809e+00
1.715000033378601074e+00
1.698500037193298340e+00
1.651000022888183594e+00
1.649999976158142090e+00
1.639000058174133301e+00
1.662500023841857910e+00
1.686499953269958496e+00
1.651999950408935547e+00
1.676499962806701660e+00
1.635499954223632812e+00
1.585999965667724609e+00
1.626000046730041504e+00
1.618000030517578125e+00
1.654999971389770508e+00
1.660500049591064453e+00
1.697999954223632812e+00
1.697999954223632812e+00
1.725999951362609863e+00
1.731999993324279785e+00
1.711500048637390137e+00
1.690999984741210938e+00
1.692499995231628418e+00
1.695000052452087402e+00
1.726999998092651367e+00
1.736500024795532227e+00
1.766499996185302734e+00
1.779500007629394531e+00
1.774999976158142090e+00
1.784000039100646973e+00
1.776999950408935547e+00
1.762500047683715820e+00
1.772500038146972656e+00
1.774999976158142090e+00
1.775500059127807617e+00
1.825000047683715820e+00
1.820500016212463379e+00
1.779500007629394531e+00
1.788499951362609863e+00
1.767500042915344238e+00
1.741500020027160645e+00
1.759999990463256836e+00
1.747499942779541016e+00
1.743499994277954102e+00
1.751999974250793457e+00
1.761999964714050293e+00
1.779000043869018555e+00
1.765499949455261230e+00
1.784500002861022949e+00
1.769000053405761719e+00
1.761000037193298340e+00
1.771499991416931152e+00
1.751000046730041504e+00
1.725000023841857910e+00
1.685500025749206543e+00
1.667500019073486328e+00
1.654500007629394531e+00
1.645499944686889648e+00
1.703999996185302734e+00
1.702999949455261230e+00
1.697999954223632812e+00
1.736999988555908203e+00
1.779500007629394531e+00
1.815500020980834961e+00
1.825500011444091797e+00
1.859500050544738770e+00
1.857499957084655762e+00
1.859500050544738770e+00
1.908499956130981445e+00
1.908499956130981445e+00
1.897500038146972656e+00
1.897500038146972656e+00
1.897500038146972656e+00
1.886999964714050293e+00
2.182499885559082031e+00
2.283999919891357422e+00
2.257499933242797852e+00
2.246500015258789062e+00
2.325500011444091797e+00
2.305500030517578125e+00
2.273000001907348633e+00
2.263499975204467773e+00
2.282999992370605469e+00
2.296499967575073242e+00
2.237999916076660156e+00
2.260499954223632812e+00
2.210000038146972656e+00
2.252000093460083008e+00
2.213500022888183594e+00
2.206000089645385742e+00
2.186500072479248047e+00
2.186000108718872070e+00
2.188499927520751953e+00
2.171000003814697266e+00
2.118499994277954102e+00
2.115499973297119141e+00
2.118499994277954102e+00
2.139499902725219727e+00
2.124500036239624023e+00
2.134999990463256836e+00
2.092000007629394531e+00
2.075500011444091797e+00
2.180999994277954102e+00
2.186500072479248047e+00
2.148000001907348633e+00
2.147500038146972656e+00
2.224999904632568359e+00
2.196500062942504883e+00
2.154999971389770508e+00
2.135499954223632812e+00
2.140000104904174805e+00
2.137500047683715820e+00
2.093499898910522461e+00
2.062500000000000000e+00
2.104000091552734375e+00
2.109499931335449219e+00
2.167000055313110352e+00
2.157999992370605469e+00
2.168499946594238281e+00
2.239500045776367188e+00
2.265000104904174805e+00
2.300499916076660156e+00
2.246500015258789062e+00
2.224499940872192383e+00
2.200500011444091797e+00
2.186000108718872070e+00
2.187999963760375977e+00
2.170000076293945312e+00
2.127500057220458984e+00
2.131000041961669922e+00
2.189500093460083008e+00
2.250999927520751953e+00
2.232500076293945312e+00
2.292999982833862305e+00
2.250499963760375977e+00
2.297499895095825195e+00
2.346499919891357422e+00
2.308500051498413086e+00
1.987499952316284180e+00
1.952999949455261230e+00
1.947499990463256836e+00
1.993000030517578125e+00
2.018500089645385742e+00
2.037499904632568359e+00
2.078000068664550781e+00
2.054500102996826172e+00
2.069499969482421875e+00
2.097500085830688477e+00
2.069999933242797852e+00
2.108999967575073242e+00
2.134000062942504883e+00
2.126499891281127930e+00
2.222500085830688477e+00
2.265000104904174805e+00
2.336999893188476562e+00
2.398999929428100586e+00
2.399499893188476562e+00
2.442500114440917969e+00
2.411999940872192383e+00
2.403000116348266602e+00
2.417500019073486328e+00
2.427500009536743164e+00
2.423000097274780273e+00
2.450000047683715820e+00
2.453000068664550781e+00
2.441499948501586914e+00
2.463000059127807617e+00
2.441499948501586914e+00
2.417500019073486328e+00
2.437000036239624023e+00
2.453500032424926758e+00
2.474999904632568359e+00
2.470499992370605469e+00
2.473999977111816406e+00
2.460500001907348633e+00
2.418499946594238281e+00
2.407000064849853516e+00
2.448499917984008789e+00
2.460999965667724609e+00
2.460999965667724609e+00
2.427999973297119141e+00
2.403000116348266602e+00
2.399499893188476562e+00
2.357500076293945312e+00
2.378999948501586914e+00
2.362499952316284180e+00
2.382499933242797852e+00
2.393500089645385742e+00
2.354000091552734375e+00
2.282500028610229492e+00
2.246500015258789062e+00
2.217999935150146484e+00
2.220000028610229492e+00
2.200000047683715820e+00
2.216000080108642578e+00
2.222500085830688477e+00
2.196000099182128906e+00
2.186500072479248047e+00
2.200999975204467773e+00
2.180000066757202148e+00
2.233999967575073242e+00
2.260999917984008789e+00
2.247999906539916992e+00
2.240999937057495117e+00
2.198999881744384766e+00
2.137000083923339844e+00
1.916499972343444824e+00
1.897500038146972656e+00
1.876000046730041504e+00
1.908499956130981445e+00
1.899500012397766113e+00
1.925999999046325684e+00
1.893000006675720215e+00
1.912500023841857910e+00
1.963000059127807617e+00
1.957499980926513672e+00
1.959499955177307129e+00
1.914499998092651367e+00
1.935999989509582520e+00
1.894999980926513672e+00
1.917500019073486328e+00
1.900500059127807617e+00
1.871999979019165039e+00
1.855999946594238281e+00
1.843999981880187988e+00
1.860499978065490723e+00
1.843000054359436035e+00
1.846500039100646973e+00
1.840499997138977051e+00
1.805999994277954102e+00
1.810999989509582520e+00
1.809499979019165039e+00
1.845499992370605469e+00
1.844499945640563965e+00
1.838500022888183594e+00
1.799499988555908203e+00
1.811499953269958496e+00
1.796000003814697266e+00
1.799999952316284180e+00
1.784000039100646973e+00
1.773499965667724609e+00
1.762500047683715820e+00
1.784500002861022949e+00
1.815999984741210938e+00
1.833500027656555176e+00
1.826500058174133301e+00
1.807000041007995605e+00
1.838500022888183594e+00
1.866999983787536621e+00
1.925500035285949707e+00
1.854500055313110352e+00
1.830500006675720215e+00
1.802999973297119141e+00
1.806499958038330078e+00
1.830999970436096191e+00
1.763499975204467773e+00
1.814000010490417480e+00
1.844499945640563965e+00
1.817000031471252441e+00
1.801499962806701660e+00
1.789499998092651367e+00
1.777500033378601074e+00
1.789499998092651367e+00
1.786999940872192383e+00
1.760499954223632812e+00
1.729500055313110352e+00
1.718999981880187988e+00
1.697999954223632812e+00
1.723500013351440430e+00
1.751999974250793457e+00
1.734500050544738770e+00
1.741999983787536621e+00
1.707999944686889648e+00
1.676499962806701660e+00
1.636500000953674316e+00
1.639000058174133301e+00
1.638000011444091797e+00
1.580500006675720215e+00
1.630499958992004395e+00
1.697000026702880859e+00
1.741500020027160645e+00
1.687999963760375977e+00
1.759500026702880859e+00
1.781499981880187988e+00
1.803500056266784668e+00
1.731999993324279785e+00
1.730499982833862305e+00
1.753499984741210938e+00
1.738000035285949707e+00
1.674499988555908203e+00
1.670500040054321289e+00
1.688500046730041504e+00
1.677500009536743164e+00
1.689000010490417480e+00
1.679999947547912598e+00
1.673499941825866699e+00
1.684000015258789062e+00
1.748000025749206543e+00
1.754500031471252441e+00
1.753499984741210938e+00
1.774000048637390137e+00
1.832499980926513672e+00
1.818500041961669922e+00
1.827499985694885254e+00
1.838500022888183594e+00
1.824000000953674316e+00
1.835000038146972656e+00
1.925999999046325684e+00
1.934000015258789062e+00
1.930500030517578125e+00
1.855499982833862305e+00
1.840000033378601074e+00
1.805500030517578125e+00
1.789499998092651367e+00
1.782999992370605469e+00
1.731500029563903809e+00
1.686499953269958496e+00
1.646000027656555176e+00
1.683500051498413086e+00
1.674499988555908203e+00
1.723999977111816406e+00
1.708999991416931152e+00
1.659500002861022949e+00
1.715499997138977051e+00
1.679499983787536621e+00
1.312999963760375977e+00
1.327999949455261230e+00
1.358500003814697266e+00
1.344499945640563965e+00
1.315999984741210938e+00
1.304499983787536621e+00
1.334499955177307129e+00
1.364500045776367188e+00
1.338999986648559570e+00
1.317999958992004395e+00
1.310500025749206543e+00
1.324499964714050293e+00
1.303500056266784668e+00
1.326500058174133301e+00
1.388499975204467773e+00
1.397500038146972656e+00
1.454499959945678711e+00
1.455999970436096191e+00
1.406499981880187988e+00
1.418499946594238281e+00
1.406999945640563965e+00
1.398499965667724609e+00
1.401499986648559570e+00
1.445500016212463379e+00
1.475999951362609863e+00
1.533499956130981445e+00
1.541499972343444824e+00
1.588000059127807617e+00
1.611500024795532227e+00
1.539999961853027344e+00
1.486500024795532227e+00
1.525500059127807617e+00
1.539499998092651367e+00
1.585999965667724609e+00
1.583500027656555176e+00
1.582499980926513672e+00
1.626000046730041504e+00
1.603999972343444824e+00
1.578999996185302734e+00
1.605999946594238281e+00
1.511000037193298340e+00
1.542000055313110352e+00
1.589499950408935547e+00
1.625000000000000000e+00
1.616500020027160645e+00
1.592000007629394531e+00
1.605999946594238281e+00
1.543499946594238281e+00
1.585000038146972656e+00
1.638000011444091797e+00
1.666000008583068848e+00
1.629500031471252441e+00
1.669000029563903809e+00
1.631000041961669922e+00
1.645499944686889648e+00
1.677500009536743164e+00
1.666000008583068848e+00
1.629999995231628418e+00
1.623499989509582520e+00
1.615499973297119141e+00
1.626999974250793457e+00
1.628499984741210938e+00
1.644000053405761719e+00
1.681499958038330078e+00
1.883999943733215332e+00
1.914999961853027344e+00
1.911999940872192383e+00
1.907500028610229492e+00
1.904500007629394531e+00
1.878000020980834961e+00
1.872499942779541016e+00
1.873000025749206543e+00
1.910500049591064453e+00
1.938500046730041504e+00
1.973500013351440430e+00
1.942000031471252441e+00
1.963000059127807617e+00
1.999500036239624023e+00
2.075500011444091797e+00
2.130000114440917969e+00
2.141999959945678711e+00
2.127500057220458984e+00
2.121999979019165039e+00
2.127000093460083008e+00
2.148000001907348633e+00
2.120500087738037109e+00
2.042500019073486328e+00
2.046000003814697266e+00
2.031500101089477539e+00
2.016999959945678711e+00
1.970499992370605469e+00
1.955000042915344238e+00
1.949000000953674316e+00
1.945000052452087402e+00
1.906000018119812012e+00
1.922999978065490723e+00
1.934499979019165039e+00
1.922999978065490723e+00
1.924999952316284180e+00
1.950999975204467773e+00
2.000499963760375977e+00
1.963000059127807617e+00
1.970999956130981445e+00
2.000499963760375977e+00
1.994500041007995605e+00
2.012000083923339844e+00
1.990000009536743164e+00
2.014499902725219727e+00
2.010499954223632812e+00
1.973000049591064453e+00
1.934999942779541016e+00
1.945000052452087402e+00
1.918499946594238281e+00
1.875000000000000000e+00
1.889000058174133301e+00
1.857499957084655762e+00
1.870000004768371582e+00
1.909999966621398926e+00
1.932999968528747559e+00
1.894000053405761719e+00
1.848999977111816406e+00
1.850999951362609863e+00
1.847499966621398926e+00
1.821499943733215332e+00
1.863000035285949707e+00
1.853999972343444824e+00
1.842499971389770508e+00
1.871500015258789062e+00
1.852499961853027344e+00
1.883499979972839355e+00
1.934999942779541016e+00
1.869500041007995605e+00
1.858000040054321289e+00
1.913499951362609863e+00
1.949000000953674316e+00
1.955000042915344238e+00
1.935999989509582520e+00
1.942499995231628418e+00
1.965499997138977051e+00
2.006999969482421875e+00
2.003000020980834961e+00
2.016499996185302734e+00
2.075500011444091797e+00
2.062999963760375977e+00
2.049999952316284180e+00
2.039000034332275391e+00
2.043999910354614258e+00
1.941499948501586914e+00
1.957000017166137695e+00
1.942499995231628418e+00
1.884500026702880859e+00
1.852499961853027344e+00
1.929000020027160645e+00
1.917999982833862305e+00
1.904999971389770508e+00
1.942000031471252441e+00
1.940500020980834961e+00
1.891000032424926758e+00
1.904000043869018555e+00
1.889000058174133301e+00
1.892500042915344238e+00
1.922500014305114746e+00
1.929000020027160645e+00
1.990000009536743164e+00
1.974499940872192383e+00
1.949000000953674316e+00
1.950500011444091797e+00
1.968500018119812012e+00
1.967000007629394531e+00
1.990499973297119141e+00
1.989500045776367188e+00
2.020999908447265625e+00
2.059499979019165039e+00
2.076499938964843750e+00
2.084000110626220703e+00
2.082999944686889648e+00
2.092999935150146484e+00
2.084000110626220703e+00
2.113500118255615234e+00
2.120500087738037109e+00
2.259999990463256836e+00
2.253499984741210938e+00
2.249500036239624023e+00
2.232000112533569336e+00
2.247499942779541016e+00
2.238500118255615234e+00
2.237499952316284180e+00
2.840500116348266602e+00
3.138999938964843750e+00
3.130000114440917969e+00
3.066499948501586914e+00
3.101999998092651367e+00
3.059000015258789062e+00
3.109499931335449219e+00
3.161499977111816406e+00
3.040999889373779297e+00
3.091500043869018555e+00
3.142499923706054688e+00
3.046000003814697266e+00
3.078000068664550781e+00
3.085000038146972656e+00
3.029000043869018555e+00
3.161000013351440430e+00
3.108500003814697266e+00
3.164999961853027344e+00
3.414999961853027344e+00
3.444000005722045898e+00
3.450000047683715820e+00
3.467499971389770508e+00
3.427500009536743164e+00
3.481499910354614258e+00
3.493000030517578125e+00
3.457000017166137695e+00
3.428999900817871094e+00
3.520999908447265625e+00
3.682499885559082031e+00
3.614500045776367188e+00
3.601999998092651367e+00
3.661999940872192383e+00
3.558500051498413086e+00
3.503499984741210938e+00
3.544500112533569336e+00
3.596999883651733398e+00
3.619999885559082031e+00
3.591500043869018555e+00
3.490499973297119141e+00
3.454999923706054688e+00
3.483500003814697266e+00
3.443000078201293945e+00
3.433000087738037109e+00
3.374000072479248047e+00
3.407000064849853516e+00
3.444499969482421875e+00
3.420500040054321289e+00
3.480499982833862305e+00
3.472500085830688477e+00
3.436500072479248047e+00
3.448499917984008789e+00
3.603499889373779297e+00
3.513999938964843750e+00
3.536499977111816406e+00
3.639499902725219727e+00
3.755000114440917969e+00
3.684499979019165039e+00
3.689500093460083008e+00
3.665999889373779297e+00
3.667500019073486328e+00
3.581500053405761719e+00
3.586999893188476562e+00
3.462500095367431641e+00
4.309000015258789062e+00
4.200500011444091797e+00
4.202000141143798828e+00
4.135000228881835938e+00
3.927000045776367188e+00
3.865499973297119141e+00
3.985500097274780273e+00
3.839999914169311523e+00
3.950000047683715820e+00
3.957000017166137695e+00
3.888999938964843750e+00
3.705499887466430664e+00
3.739000082015991211e+00
3.743499994277954102e+00
3.672499895095825195e+00
3.618999958038330078e+00
3.639499902725219727e+00
3.750999927520751953e+00
3.734999895095825195e+00
3.874500036239624023e+00
3.924999952316284180e+00
3.865000009536743164e+00
3.962500095367431641e+00
3.932499885559082031e+00
3.811000108718872070e+00
3.952500104904174805e+00
3.934000015258789062e+00
3.995500087738037109e+00
4.135000228881835938e+00
4.187500000000000000e+00
4.310500144958496094e+00
4.225999832153320312e+00
4.166999816894531250e+00
4.314000129699707031e+00
4.364999771118164062e+00
4.362999916076660156e+00
4.388500213623046875e+00
4.345499992370605469e+00
4.437500000000000000e+00
4.449999809265136719e+00
4.482500076293945312e+00
4.565000057220458984e+00
4.629499912261962891e+00
4.673999786376953125e+00
4.671500205993652344e+00
4.669000148773193359e+00
4.657499790191650391e+00
4.670499801635742188e+00
4.618000030517578125e+00
4.623000144958496094e+00
4.612999916076660156e+00
4.671500205993652344e+00
4.792500019073486328e+00
4.765999794006347656e+00
4.732999801635742188e+00
4.467000007629394531e+00
4.618500232696533203e+00
4.526500225067138672e+00
4.476500034332275391e+00
4.527500152587890625e+00
4.492499828338623047e+00
4.487999916076660156e+00
4.564499855041503906e+00
5.040999889373779297e+00
4.436500072479248047e+00
4.410500049591064453e+00
4.500000000000000000e+00
4.505000114440917969e+00
4.412000179290771484e+00
4.457499980926513672e+00
4.382500171661376953e+00
4.298999786376953125e+00
4.218500137329101562e+00
4.363500118255615234e+00
4.352000236511230469e+00
4.178999900817871094e+00
3.944499969482421875e+00
3.849999904632568359e+00
3.993000030517578125e+00
3.925499916076660156e+00
3.892499923706054688e+00
3.930000066757202148e+00
3.959000110626220703e+00
4.019499778747558594e+00
3.987999916076660156e+00
4.071499824523925781e+00
4.065000057220458984e+00
4.279500007629394531e+00
4.514999866485595703e+00
4.457499980926513672e+00
4.527999877929687500e+00
4.545499801635742188e+00
4.720499992370605469e+00
4.659500122070312500e+00
4.710499763488769531e+00
4.715499877929687500e+00
4.651000022888183594e+00
4.537499904632568359e+00
4.564000129699707031e+00
4.619999885559082031e+00
4.453999996185302734e+00
4.254499912261962891e+00
4.344500064849853516e+00
4.468999862670898438e+00
4.528999805450439453e+00
4.563000202178955078e+00
4.550499916076660156e+00
4.642499923706054688e+00
4.712500095367431641e+00
4.722499847412109375e+00
4.631999969482421875e+00
4.812500000000000000e+00
4.760499954223632812e+00
4.439499855041503906e+00
4.440999984741210938e+00
4.394000053405761719e+00
4.261000156402587891e+00
4.212999820709228516e+00
4.053999900817871094e+00
4.143499851226806641e+00
4.012000083923339844e+00
4.017499923706054688e+00
4.006000041961669922e+00
3.987999916076660156e+00
3.924000024795532227e+00
3.698499917984008789e+00
3.883500099182128906e+00
3.880000114440917969e+00
3.790999889373779297e+00
3.697499990463256836e+00
3.710500001907348633e+00
3.884999990463256836e+00
3.731499910354614258e+00
3.697499990463256836e+00
3.604500055313110352e+00
3.424499988555908203e+00
3.545500040054321289e+00
3.674999952316284180e+00
3.759500026702880859e+00
3.722500085830688477e+00
3.886499881744384766e+00
3.789999961853027344e+00
3.648000001907348633e+00
3.604000091552734375e+00
3.681999921798706055e+00
3.494999885559082031e+00
3.604000091552734375e+00
3.663500070571899414e+00
3.584500074386596680e+00
3.543499946594238281e+00
3.392499923706054688e+00
3.223500013351440430e+00
3.121500015258789062e+00
3.266999959945678711e+00
3.249500036239624023e+00
3.137000083923339844e+00
3.204499959945678711e+00
3.173500061035156250e+00
3.357500076293945312e+00
3.325500011444091797e+00
3.415999889373779297e+00
3.411000013351440430e+00
3.326499938964843750e+00
3.585000038146972656e+00
3.508500099182128906e+00
3.659499883651733398e+00
3.797499895095825195e+00
3.758500099182128906e+00
3.690000057220458984e+00
3.539999961853027344e+00
3.487999916076660156e+00
3.565000057220458984e+00
3.835000038146972656e+00
3.868499994277954102e+00
3.746999979019165039e+00
3.843499898910522461e+00
3.845000028610229492e+00
3.865000009536743164e+00
3.719500064849853516e+00
3.741499900817871094e+00
3.599499940872192383e+00
3.630500078201293945e+00
3.625000000000000000e+00
3.729500055313110352e+00
3.701999902725219727e+00
4.005000114440917969e+00
4.008999824523925781e+00
3.980000019073486328e+00
4.050000190734863281e+00
3.884500026702880859e+00
4.043000221252441406e+00
4.098499774932861328e+00
4.037000179290771484e+00
3.931499958038330078e+00
3.967999935150146484e+00
3.865499973297119141e+00
3.796000003814697266e+00
3.785500049591064453e+00
3.658999919891357422e+00
3.639499902725219727e+00
3.620500087738037109e+00
3.726500034332275391e+00
3.727999925613403320e+00
3.710000038146972656e+00
3.805999994277954102e+00
3.822999954223632812e+00
4.114500045776367188e+00
4.035999774932861328e+00
3.914999961853027344e+00
3.963000059127807617e+00
3.917500019073486328e+00
4.031000137329101562e+00
4.004000186920166016e+00
4.017499923706054688e+00
4.080999851226806641e+00
4.011499881744384766e+00
4.005499839782714844e+00
4.074999809265136719e+00
4.225500106811523438e+00
4.031499862670898438e+00
3.971499919891357422e+00
3.980999946594238281e+00
3.864000082015991211e+00
3.807499885559082031e+00
3.958499908447265625e+00
4.085000038146972656e+00
4.148499965667724609e+00
4.125999927520751953e+00
4.212999820709228516e+00
4.054999828338623047e+00
4.033999919891357422e+00
3.982000112533569336e+00
4.025499820709228516e+00
3.815000057220458984e+00
3.733000040054321289e+00
3.666500091552734375e+00
3.680999994277954102e+00
3.572000026702880859e+00
3.599999904632568359e+00
3.624500036239624023e+00
3.752000093460083008e+00
3.530499935150146484e+00
3.531500101089477539e+00
3.427000045776367188e+00
3.313999891281127930e+00
3.351500034332275391e+00
3.592000007629394531e+00
3.605499982833862305e+00
3.456000089645385742e+00
3.424000024795532227e+00
3.398499965667724609e+00
3.526999950408935547e+00
3.936000108718872070e+00
3.915499925613403320e+00
3.799000024795532227e+00
3.910500049591064453e+00
3.910500049591064453e+00
3.816999912261962891e+00
3.787499904632568359e+00
3.785500049591064453e+00
3.955499887466430664e+00
3.904500007629394531e+00
3.847500085830688477e+00
4.025499820709228516e+00
4.404500007629394531e+00
4.362500190734863281e+00
4.334499835968017578e+00
4.401500225067138672e+00
4.320000171661376953e+00
4.155499935150146484e+00
4.064499855041503906e+00
4.106500148773193359e+00
4.163000106811523438e+00
4.263000011444091797e+00
4.142499923706054688e+00
4.087999820709228516e+00
4.086500167846679688e+00
4.171000003814697266e+00
4.040500164031982422e+00
4.070499897003173828e+00
4.038499832153320312e+00
3.901499986648559570e+00
3.959500074386596680e+00
4.058000087738037109e+00
3.951999902725219727e+00
3.836999893188476562e+00
3.975500106811523438e+00
3.914999961853027344e+00
3.867000102996826172e+00
3.936500072479248047e+00
3.576999902725219727e+00
3.825000047683715820e+00
4.050000190734863281e+00
3.746500015258789062e+00
3.588000059127807617e+00
3.497999906539916992e+00
3.604000091552734375e+00
3.535000085830688477e+00
3.167500019073486328e+00
3.638000011444091797e+00
3.479000091552734375e+00
3.368000030517578125e+00
3.349999904632568359e+00
3.261499881744384766e+00
2.926000118255615234e+00
3.051000118255615234e+00
2.799999952316284180e+00
2.812500000000000000e+00
3.101000070571899414e+00
2.792999982833862305e+00
2.436000108718872070e+00
2.514499902725219727e+00
2.532500028610229492e+00
2.648499965667724609e+00
2.511499881744384766e+00
2.499500036239624023e+00
2.516000032424926758e+00
2.447999954223632812e+00
2.479000091552734375e+00
2.802000045776367188e+00
2.844500064849853516e+00
2.835500001907348633e+00
2.861999988555908203e+00
2.788500070571899414e+00
2.922499895095825195e+00
2.598999977111816406e+00
2.361000061035156250e+00
2.460500001907348633e+00
2.423000097274780273e+00
2.315000057220458984e+00
2.078000068664550781e+00
2.246500015258789062e+00
2.087500095367431641e+00
1.984500050544738770e+00
1.922000050544738770e+00
1.792000055313110352e+00
1.751500010490417480e+00
1.893499970436096191e+00
2.125000000000000000e+00
2.109499931335449219e+00
2.197999954223632812e+00
2.134999990463256836e+00
2.023499965667724609e+00
2.059499979019165039e+00
2.260499954223632812e+00
2.365999937057495117e+00
2.413000106811523438e+00
2.570499897003173828e+00
2.562500000000000000e+00
2.484999895095825195e+00
2.412499904632568359e+00
2.562500000000000000e+00
2.442500114440917969e+00
2.631500005722045898e+00
2.658999919891357422e+00
2.604000091552734375e+00
2.578000068664550781e+00
2.492000102996826172e+00
2.553999900817871094e+00
2.572000026702880859e+00
2.588999986648559570e+00
2.470000028610229492e+00
2.538000106811523438e+00
2.563999891281127930e+00
2.717999935150146484e+00
2.703000068664550781e+00
2.868000030517578125e+00
2.809999942779541016e+00
2.858000040054321289e+00
2.775500059127807617e+00
2.595999956130981445e+00
2.572499990463256836e+00
2.424499988555908203e+00
2.572000026702880859e+00
2.579499959945678711e+00
2.421999931335449219e+00
2.526999950408935547e+00
2.496999979019165039e+00
2.531500101089477539e+00
2.481499910354614258e+00
2.421999931335449219e+00
2.517999887466430664e+00
2.500000000000000000e+00
2.940999984741210938e+00
3.057499885559082031e+00
3.179500102996826172e+00
3.052999973297119141e+00
3.158999919891357422e+00
3.327500104904174805e+00
3.335500001907348633e+00
3.165499925613403320e+00
3.217499971389770508e+00
3.197999954223632812e+00
3.163000106811523438e+00
3.083499908447265625e+00
3.117500066757202148e+00
3.097500085830688477e+00
3.193000078201293945e+00
3.085500001907348633e+00
3.279999971389770508e+00
3.185499906539916992e+00
3.117000102996826172e+00
3.239500045776367188e+00
3.099499940872192383e+00
3.085000038146972656e+00
3.240499973297119141e+00
3.238500118255615234e+00
3.084500074386596680e+00
3.024499893188476562e+00
3.285500049591064453e+00
3.427000045776367188e+00
3.479000091552734375e+00
3.431499958038330078e+00
3.348999977111816406e+00
3.567500114440917969e+00
3.562500000000000000e+00
3.505000114440917969e+00
3.497999906539916992e+00
3.779000043869018555e+00
3.640500068664550781e+00
3.619999885559082031e+00
3.684499979019165039e+00
3.526000022888183594e+00
3.572000026702880859e+00
3.671999931335449219e+00
3.674999952316284180e+00
3.816999912261962891e+00
3.908499956130981445e+00
3.899499893188476562e+00
3.775500059127807617e+00
3.848999977111816406e+00
3.988500118255615234e+00
3.947000026702880859e+00
3.861000061035156250e+00
3.735500097274780273e+00
3.862499952316284180e+00
3.902499914169311523e+00
3.878499984741210938e+00
3.937000036239624023e+00
3.960000038146972656e+00
4.030499935150146484e+00
4.223000049591064453e+00
4.156000137329101562e+00
4.119999885559082031e+00
3.989500045776367188e+00
4.026000022888183594e+00
3.947999954223632812e+00
3.988500118255615234e+00
4.094999790191650391e+00
4.099500179290771484e+00
3.963999986648559570e+00
3.897500038146972656e+00
3.930500030517578125e+00
3.896500110626220703e+00
3.709500074386596680e+00
3.755500078201293945e+00
3.680000066757202148e+00
3.797499895095825195e+00
3.893500089645385742e+00
3.898499965667724609e+00
3.798000097274780273e+00
3.782000064849853516e+00
3.919500112533569336e+00
3.855000019073486328e+00
3.882499933242797852e+00
3.899499893188476562e+00
4.152500152587890625e+00
4.246500015258789062e+00
4.283999919891357422e+00
4.276000022888183594e+00
4.377999782562255859e+00
4.317999839782714844e+00
4.354000091552734375e+00
4.329500198364257812e+00
4.284500122070312500e+00
4.203999996185302734e+00
4.158999919891357422e+00
4.107500076293945312e+00
4.132500171661376953e+00
4.079999923706054688e+00
4.147999763488769531e+00
3.957499980926513672e+00
3.884000062942504883e+00
3.963500022888183594e+00
4.110000133514404297e+00
4.193999767303466797e+00
4.151500225067138672e+00
4.183000087738037109e+00
4.079999923706054688e+00
3.966000080108642578e+00
3.904999971389770508e+00
3.781500101089477539e+00
3.868000030517578125e+00
3.904999971389770508e+00
3.881500005722045898e+00
4.073500156402587891e+00
4.097499847412109375e+00
4.227499961853027344e+00
4.305500030517578125e+00
4.292500019073486328e+00
4.411499977111816406e+00
4.450500011444091797e+00
4.439499855041503906e+00
4.693500041961669922e+00
4.324500083923339844e+00
4.211999893188476562e+00
4.249000072479248047e+00
4.217000007629394531e+00
4.304500102996826172e+00
4.288000106811523438e+00
4.372000217437744141e+00
4.289999961853027344e+00
4.214499950408935547e+00
4.223499774932861328e+00
4.265999794006347656e+00
4.222000122070312500e+00
4.177999973297119141e+00
4.297999858856201172e+00
4.230000019073486328e+00
4.178999900817871094e+00
4.052999973297119141e+00
4.105999946594238281e+00
4.150000095367431641e+00
4.204500198364257812e+00
4.250000000000000000e+00
4.224999904632568359e+00
4.209499835968017578e+00
4.199999809265136719e+00
4.215499877929687500e+00
4.138000011444091797e+00
4.059500217437744141e+00
3.957999944686889648e+00
3.907000064849853516e+00
3.923000097274780273e+00
3.943500041961669922e+00
4.045000076293945312e+00
4.111999988555908203e+00
4.192500114440917969e+00
4.227000236511230469e+00
4.192999839782714844e+00
4.177499771118164062e+00
4.534999847412109375e+00
4.521999835968017578e+00
4.513999938964843750e+00
4.527999877929687500e+00
4.687500000000000000e+00
4.618999958038330078e+00
4.605500221252441406e+00
4.526000022888183594e+00
4.610499858856201172e+00
4.585999965667724609e+00
4.668000221252441406e+00
4.552000045776367188e+00
4.492499828338623047e+00
4.433499813079833984e+00
4.545499801635742188e+00
4.698500156402587891e+00
4.761000156402587891e+00
4.785500049591064453e+00
4.679999828338623047e+00
4.741499900817871094e+00
4.873000144958496094e+00
4.800499916076660156e+00
4.765999794006347656e+00
4.734000205993652344e+00
4.749000072479248047e+00
4.671000003814697266e+00
4.672500133514404297e+00
5.924499988555908203e+00
6.231999874114990234e+00
6.103499889373779297e+00
6.081999778747558594e+00
6.129000186920166016e+00
5.940499782562255859e+00
5.941999912261962891e+00
5.918499946594238281e+00
5.855000019073486328e+00
6.030499935150146484e+00
6.309999942779541016e+00
6.333499908447265625e+00
6.507500171661376953e+00
6.495500087738037109e+00
6.526500225067138672e+00
6.648499965667724609e+00
6.579500198364257812e+00
6.562500000000000000e+00
6.564499855041503906e+00
6.449500083923339844e+00
6.482999801635742188e+00
6.650000095367431641e+00
6.646999835968017578e+00
6.701499938964843750e+00
6.586999893188476562e+00
6.795499801635742188e+00
6.925000190734863281e+00
7.112500190734863281e+00
7.058499813079833984e+00
6.879000186920166016e+00
6.710499763488769531e+00
6.705500125885009766e+00
6.565499782562255859e+00
6.769000053405761719e+00
6.707499980926513672e+00
6.568999767303466797e+00
6.511499881744384766e+00
6.418000221252441406e+00
6.345499992370605469e+00
6.423999786376953125e+00
6.639500141143798828e+00
6.687500000000000000e+00
6.947000026702880859e+00
6.923500061035156250e+00
6.965499877929687500e+00
6.970499992370605469e+00
6.824500083923339844e+00
6.725999832153320312e+00
6.695000171661376953e+00
6.734499931335449219e+00
6.612500190734863281e+00
6.500000000000000000e+00
6.676000118255615234e+00
6.515500068664550781e+00
6.367499828338623047e+00
6.455500125885009766e+00
6.367499828338623047e+00
6.356999874114990234e+00
6.380499839782714844e+00
6.289000034332275391e+00
6.330999851226806641e+00
6.071499824523925781e+00
6.015500068664550781e+00
5.973999977111816406e+00
6.137499809265136719e+00
6.301499843597412109e+00
6.270500183105468750e+00
5.943500041961669922e+00
5.906000137329101562e+00
5.954999923706054688e+00
5.796999931335449219e+00
5.869500160217285156e+00
5.841499805450439453e+00
5.901500225067138672e+00
5.868000030517578125e+00
6.004499912261962891e+00
5.982999801635742188e+00
5.876500129699707031e+00
5.815499782562255859e+00
5.903999805450439453e+00
5.875999927520751953e+00
5.900499820709228516e+00
5.861999988555908203e+00
5.986000061035156250e+00
5.909999847412109375e+00
5.920000076293945312e+00
6.227000236511230469e+00
6.276500225067138672e+00
6.294499874114990234e+00
6.426499843597412109e+00
6.445499897003173828e+00
6.505499839782714844e+00
6.440999984741210938e+00
6.525499820709228516e+00
6.678999900817871094e+00
6.591000080108642578e+00
6.556499958038330078e+00
6.589499950408935547e+00
6.566999912261962891e+00
6.638000011444091797e+00
6.517499923706054688e+00
6.523499965667724609e+00
6.462999820709228516e+00
6.401999950408935547e+00
6.736499786376953125e+00
6.752999782562255859e+00
6.756000041961669922e+00
6.828999996185302734e+00
6.788499832153320312e+00
6.590499877929687500e+00
6.574500083923339844e+00
6.777999877929687500e+00
6.743500232696533203e+00
7.047999858856201172e+00
7.002999782562255859e+00
7.059999942779541016e+00
7.007999897003173828e+00
7.214000225067138672e+00
7.290999889373779297e+00
7.108500003814697266e+00
7.121500015258789062e+00
7.210000038146972656e+00
7.321499824523925781e+00
7.504499912261962891e+00
7.181499958038330078e+00
7.355500221252441406e+00
7.100999832153320312e+00
6.967500209808349609e+00
7.086500167846679688e+00
6.855000019073486328e+00
6.874499797821044922e+00
6.491499900817871094e+00
6.546500205993652344e+00
6.435500144958496094e+00
6.249000072479248047e+00
6.564499855041503906e+00
6.522999763488769531e+00
6.693500041961669922e+00
6.573500156402587891e+00
6.426499843597412109e+00
6.445499897003173828e+00
6.314000129699707031e+00
6.229499816894531250e+00
5.985499858856201172e+00
6.136000156402587891e+00
6.105999946594238281e+00
6.243000030517578125e+00
6.160500049591064453e+00
6.335000038146972656e+00
6.272999763488769531e+00
6.162000179290771484e+00
6.315499782562255859e+00
6.438000202178955078e+00
6.138500213623046875e+00
6.100500106811523438e+00
5.941999912261962891e+00
5.895500183105468750e+00
6.160500049591064453e+00
6.151500225067138672e+00
6.191500186920166016e+00
6.342000007629394531e+00
6.344999790191650391e+00
6.294499874114990234e+00
6.291500091552734375e+00
6.127500057220458984e+00
6.115499973297119141e+00
6.072500228881835938e+00
5.916500091552734375e+00
6.050000190734863281e+00
5.889999866485595703e+00
5.430500030517578125e+00
5.462999820709228516e+00
5.547999858856201172e+00
5.456999778747558594e+00
5.502999782562255859e+00
5.671500205993652344e+00
5.810999870300292969e+00
5.862999916076660156e+00
5.975500106811523438e+00
6.182499885559082031e+00
6.164999961853027344e+00
6.103000164031982422e+00
5.924499988555908203e+00
5.997000217437744141e+00
6.005000114440917969e+00
5.871500015258789062e+00
6.003499984741210938e+00
5.943500041961669922e+00
5.920000076293945312e+00
5.856500148773193359e+00
5.856500148773193359e+00
5.842999935150146484e+00
5.894499778747558594e+00
6.003499984741210938e+00
6.120999813079833984e+00
6.379000186920166016e+00
6.391499996185302734e+00
6.415999889373779297e+00
6.441500186920166016e+00
6.500000000000000000e+00
6.294499874114990234e+00
6.328000068664550781e+00
6.234499931335449219e+00
6.303500175476074219e+00
6.442999839782714844e+00
6.482500076293945312e+00
6.378499984741210938e+00
6.388000011444091797e+00
6.329999923706054688e+00
6.226500034332275391e+00
6.342500209808349609e+00
6.243000030517578125e+00
6.331999778747558594e+00
6.189499855041503906e+00
6.241499900817871094e+00
6.624499797821044922e+00
6.760499954223632812e+00
6.939499855041503906e+00
6.861000061035156250e+00
6.956999778747558594e+00
7.019000053405761719e+00
7.122000217437744141e+00
7.253499984741210938e+00
7.287499904632568359e+00
7.272500038146972656e+00
7.406499862670898438e+00
7.415999889373779297e+00
7.565000057220458984e+00
7.536499977111816406e+00
7.591499805450439453e+00
7.642499923706054688e+00
8.036499977111816406e+00
7.968500137329101562e+00
7.985000133514404297e+00
7.949500083923339844e+00
7.853000164031982422e+00
7.685500144958496094e+00
7.769499778747558594e+00
8.043499946594238281e+00
7.769999980926513672e+00
7.813499927520751953e+00
7.777500152587890625e+00
7.651500225067138672e+00
7.823999881744384766e+00
7.758500099182128906e+00
7.776500225067138672e+00
8.232000350952148438e+00
8.178000450134277344e+00
7.933499813079833984e+00
7.933499813079833984e+00
8.248499870300292969e+00
8.456500053405761719e+00
8.449999809265136719e+00
8.497500419616699219e+00
8.375499725341796875e+00
8.342000007629394531e+00
8.261500358581542969e+00
8.128999710083007812e+00
8.230500221252441406e+00
8.423500061035156250e+00
8.446499824523925781e+00
8.538499832153320312e+00
8.599499702453613281e+00
8.513500213623046875e+00
8.666500091552734375e+00
8.518500328063964844e+00
8.284000396728515625e+00
7.945000171661376953e+00
7.888999938964843750e+00
7.917500019073486328e+00
8.208499908447265625e+00
8.241000175476074219e+00
8.519499778747558594e+00
8.409999847412109375e+00
8.862500190734863281e+00
8.859999656677246094e+00
8.974499702453613281e+00
8.770000457763671875e+00
8.827500343322753906e+00
8.826499938964843750e+00
8.784000396728515625e+00
8.902500152587890625e+00
8.838500022888183594e+00
8.814499855041503906e+00
8.742500305175781250e+00
8.781000137329101562e+00
8.712499618530273438e+00
8.696999549865722656e+00
8.778499603271484375e+00
8.902000427246093750e+00
8.878999710083007812e+00
9.164500236511230469e+00
9.237500190734863281e+00
9.237999916076660156e+00
9.129500389099121094e+00
9.107000350952148438e+00
9.054499626159667969e+00
9.168499946594238281e+00
9.137499809265136719e+00
9.000000000000000000e+00
9.211000442504882812e+00
9.250499725341796875e+00
9.371000289916992188e+00
9.293000221252441406e+00
9.274499893188476562e+00
9.234000205993652344e+00
9.217000007629394531e+00
9.204000473022460938e+00
9.276499748229980469e+00
9.437500000000000000e+00
9.562500000000000000e+00
9.343500137329101562e+00
9.097999572753906250e+00
8.871000289916992188e+00
8.842499732971191406e+00
8.835000038146972656e+00
8.769499778747558594e+00
9.222499847412109375e+00
8.557000160217285156e+00
8.482000350952148438e+00
8.605500221252441406e+00
8.676500320434570312e+00
8.685500144958496094e+00
8.796500205993652344e+00
8.821499824523925781e+00
9.152999877929687500e+00
9.265000343322753906e+00
9.310500144958496094e+00
9.462499618530273438e+00
9.520999908447265625e+00
9.451499938964843750e+00
9.331000328063964844e+00
9.387999534606933594e+00
9.324999809265136719e+00
9.020999908447265625e+00
8.833999633789062500e+00
8.887499809265136719e+00
8.862000465393066406e+00
8.664500236511230469e+00
8.472000122070312500e+00
8.600999832153320312e+00
8.639499664306640625e+00
8.583499908447265625e+00
8.454000473022460938e+00
8.344499588012695312e+00
8.452500343322753906e+00
8.307000160217285156e+00
8.403499603271484375e+00
8.336500167846679688e+00
8.253999710083007812e+00
8.234999656677246094e+00
8.048500061035156250e+00
8.090999603271484375e+00
8.225999832153320312e+00
8.130000114440917969e+00
8.265999794006347656e+00
8.555000305175781250e+00
8.548999786376953125e+00
8.467499732971191406e+00
8.730999946594238281e+00
8.970999717712402344e+00
9.006500244140625000e+00
9.006500244140625000e+00
9.147000312805175781e+00
9.264499664306640625e+00
9.137999534606933594e+00
9.245499610900878906e+00
9.235500335693359375e+00
9.201999664306640625e+00
9.024000167846679688e+00
9.114500045776367188e+00
9.090999603271484375e+00
9.000499725341796875e+00
8.916999816894531250e+00
8.940999984741210938e+00
9.193499565124511719e+00
9.294500350952148438e+00
9.270999908447265625e+00
9.114999771118164062e+00
9.831500053405761719e+00
9.753499984741210938e+00
9.790499687194824219e+00
1.005949974060058594e+01
9.922499656677246094e+00
9.998499870300292969e+00
9.855500221252441406e+00
9.880000114440917969e+00
1.003999996185302734e+01
1.019699954986572266e+01
1.021899986267089844e+01
1.030350017547607422e+01
1.012800025939941406e+01
9.625499725341796875e+00
9.740500450134277344e+00
9.854499816894531250e+00
9.939999580383300781e+00
9.932499885559082031e+00
9.810999870300292969e+00
9.663499832153320312e+00
9.612999916076660156e+00
9.750000000000000000e+00
9.706500053405761719e+00
9.834500312805175781e+00
9.619999885559082031e+00
9.682499885559082031e+00
9.416000366210937500e+00
9.284500122070312500e+00
9.377499580383300781e+00
9.402500152587890625e+00
9.484000205993652344e+00
9.326499938964843750e+00
9.314499855041503906e+00
9.498000144958496094e+00
9.298999786376953125e+00
9.182499885559082031e+00
9.318499565124511719e+00
9.385999679565429688e+00
9.711500167846679688e+00
9.581500053405761719e+00
9.708000183105468750e+00
9.627499580383300781e+00
1.006250000000000000e+01
1.011750030517578125e+01
1.020899963378906250e+01
1.022449970245361328e+01
1.047449970245361328e+01
1.065950012207031250e+01
1.070950031280517578e+01
1.083699989318847656e+01
1.091399955749511719e+01
1.062749958038330078e+01
1.056149959564208984e+01
1.067500019073486328e+01
1.051900005340576172e+01
1.064350032806396484e+01
1.057649993896484375e+01
1.090299987792968750e+01
1.077750015258789062e+01
1.066049957275390625e+01
1.082600021362304688e+01
1.067450046539306641e+01
1.070899963378906250e+01
1.112600040435791016e+01
1.119499969482421875e+01
1.112600040435791016e+01
1.106599998474121094e+01
1.058500003814697266e+01
1.049800014495849609e+01
1.007400035858154297e+01
1.013500022888183594e+01
9.685000419616699219e+00
1.025450038909912109e+01
9.706500053405761719e+00
9.918000221252441406e+00
1.011499977111816406e+01
1.014750003814697266e+01
9.883999824523925781e+00
9.796500205993652344e+00
9.126000404357910156e+00
8.946499824523925781e+00
8.876999855041503906e+00
9.677499771118164062e+00
9.686499595642089844e+00
9.601499557495117188e+00
9.963500022888183594e+00
1.032649993896484375e+01
1.054599952697753906e+01
1.076150035858154297e+01
1.062699985504150391e+01
1.050000000000000000e+01
1.080900001525878906e+01
1.099499988555908203e+01
1.086299991607666016e+01
1.056949996948242188e+01
1.082800006866455078e+01
1.097649955749511719e+01
1.112849998474121094e+01
1.133899974822998047e+01
1.196500015258789062e+01
1.208450031280517578e+01
1.166250038146972656e+01
1.159350013732910156e+01
1.116149997711181641e+01
1.118050003051757812e+01
1.149250030517578125e+01
1.121049976348876953e+01
1.148550033569335938e+01
1.112199974060058594e+01
1.081149959564208984e+01
1.059899997711181641e+01
1.062500000000000000e+01
1.097500038146972656e+01
1.107549953460693359e+01
1.123700046539306641e+01
1.156599998474121094e+01
1.177400016784667969e+01
1.184049987792968750e+01
1.180749988555908203e+01
1.233549976348876953e+01
1.211649990081787109e+01
1.219400024414062500e+01
1.157649993896484375e+01
1.168050003051757812e+01
1.173900032043457031e+01
1.188049983978271484e+01
1.135750007629394531e+01
9.920000076293945312e+00
1.033899974822998047e+01
1.086600017547607422e+01
1.067549991607666016e+01
1.060499954223632812e+01
1.078100013732910156e+01
1.091450023651123047e+01
1.082400035858154297e+01
1.085000038146972656e+01
1.089949989318847656e+01
1.056099987030029297e+01
1.053950023651123047e+01
1.086950016021728516e+01
1.094649982452392578e+01
1.089150047302246094e+01
1.059949970245361328e+01
1.022599983215332031e+01
9.857000350952148438e+00
9.462499618530273438e+00
9.616999626159667969e+00
9.449500083923339844e+00
9.119999885559082031e+00
9.707500457763671875e+00
9.419500350952148438e+00
9.614500045776367188e+00
9.856499671936035156e+00
9.801500320434570312e+00
9.812000274658203125e+00
9.599499702453613281e+00
9.765999794006347656e+00
9.524000167846679688e+00
9.651499748229980469e+00
9.475999832153320312e+00
9.025500297546386719e+00
9.010499954223632812e+00
9.062999725341796875e+00
9.062999725341796875e+00
8.966500282287597656e+00
9.126000404357910156e+00
8.717499732971191406e+00
8.951499938964843750e+00
8.864000320434570312e+00
8.813500404357910156e+00
8.694499969482421875e+00
8.692999839782714844e+00
8.654999732971191406e+00
8.951499938964843750e+00
8.875499725341796875e+00
8.880499839782714844e+00
9.130499839782714844e+00
8.928000450134277344e+00
8.967000007629394531e+00
8.944999694824218750e+00
8.796500205993652344e+00
8.920999526977539062e+00
9.083000183105468750e+00
9.472000122070312500e+00
9.722499847412109375e+00
9.546500205993652344e+00
9.304499626159667969e+00
9.350000381469726562e+00
9.390000343322753906e+00
9.666000366210937500e+00
9.768500328063964844e+00
9.607500076293945312e+00
9.722000122070312500e+00
8.972999572753906250e+00
9.086000442504882812e+00
9.383999824523925781e+00
9.156999588012695312e+00
9.209500312805175781e+00
9.274000167846679688e+00
9.248999595642089844e+00
9.277000427246093750e+00
9.579500198364257812e+00
9.564999580383300781e+00
9.223500251770019531e+00
8.996500015258789062e+00
9.125000000000000000e+00
9.112999916076660156e+00
9.029000282287597656e+00
8.944499969482421875e+00
8.956500053405761719e+00
8.926500320434570312e+00
9.189999580383300781e+00
8.984499931335449219e+00
9.001999855041503906e+00
8.965000152587890625e+00
9.012999534606933594e+00
9.054499626159667969e+00
9.188500404357910156e+00
9.381999969482421875e+00
9.215999603271484375e+00
9.169500350952148438e+00
9.229499816894531250e+00
9.112999916076660156e+00
9.221500396728515625e+00
9.252499580383300781e+00
9.276000022888183594e+00
9.616499900817871094e+00
9.586500167846679688e+00
9.619999885559082031e+00
9.751999855041503906e+00
1.014350032806396484e+01
1.027200031280517578e+01
1.005799961090087891e+01
1.023050022125244141e+01
1.012549972534179688e+01
9.902500152587890625e+00
9.982999801635742188e+00
9.699500083923339844e+00
9.719499588012695312e+00
9.593500137329101562e+00
9.348999977111816406e+00
9.398500442504882812e+00
9.534500122070312500e+00
9.423000335693359375e+00
9.274999618530273438e+00
9.419500350952148438e+00
9.553500175476074219e+00
9.555000305175781250e+00
9.498999595642089844e+00
9.411999702453613281e+00
9.516500473022460938e+00
9.720999717712402344e+00
9.799500465393066406e+00
1.134249973297119141e+01
1.159500026702880859e+01
1.150199985504150391e+01
1.151249980926513672e+01
1.147249984741210938e+01
1.119950008392333984e+01
1.125800037384033203e+01
1.119499969482421875e+01
1.114900016784667969e+01
1.133450031280517578e+01
1.138399982452392578e+01
1.114649963378906250e+01
1.121949958801269531e+01
1.120300006866455078e+01
1.091800022125244141e+01
1.069250011444091797e+01
1.090550041198730469e+01
1.076650047302246094e+01
1.086400032043457031e+01
1.076200008392333984e+01
1.064449977874755859e+01
1.073750019073486328e+01
1.046150016784667969e+01
1.064550018310546875e+01
1.041100025177001953e+01
1.072850036621093750e+01
1.066049957275390625e+01
1.088199996948242188e+01
1.093999958038330078e+01
1.092399978637695312e+01
1.082499980926513672e+01
1.082100009918212891e+01
1.073649978637695312e+01
1.072249984741210938e+01
1.091749954223632812e+01
1.113300037384033203e+01
1.120149993896484375e+01
1.115100002288818359e+01
1.102849960327148438e+01
1.110799980163574219e+01
1.100349998474121094e+01
1.128050041198730469e+01
1.128100013732910156e+01
1.106550025939941406e+01
1.141749954223632812e+01
1.146599960327148438e+01
1.147649955749511719e+01
1.135299968719482422e+01
1.125249958038330078e+01
1.125249958038330078e+01
1.097500038146972656e+01
1.091849994659423828e+01
1.076799964904785156e+01
1.091950035095214844e+01
1.080049991607666016e+01
1.084650039672851562e+01
1.087349987030029297e+01
1.130850028991699219e+01
1.141450023651123047e+01
1.130049991607666016e+01
1.115200042724609375e+01
1.085249996185302734e+01
1.100049972534179688e+01
1.186600017547607422e+01
1.180449962615966797e+01
1.166499996185302734e+01
1.160449981689453125e+01
1.154049968719482422e+01
1.174849987030029297e+01
1.169950008392333984e+01
1.182800006866455078e+01
1.171899986267089844e+01
1.170300006866455078e+01
1.163749980926513672e+01
1.162199974060058594e+01
1.165950012207031250e+01
1.187100028991699219e+01
1.207750034332275391e+01
1.205850028991699219e+01
1.201749992370605469e+01
1.197249984741210938e+01
1.215499973297119141e+01
1.206000041961669922e+01
1.228699970245361328e+01
1.219600009918212891e+01
1.230550003051757812e+01
1.235599994659423828e+01
1.231099987030029297e+01
1.241349983215332031e+01
1.239400005340576172e+01
1.231099987030029297e+01
1.256900024414062500e+01
1.295699977874755859e+01
1.285449981689453125e+01
1.278349971771240234e+01
1.278149986267089844e+01
1.301200008392333984e+01
1.306350040435791016e+01
1.289999961853027344e+01
1.293750000000000000e+01
1.308399963378906250e+01
1.304049968719482422e+01
1.287349987030029297e+01
1.273999977111816406e+01
1.262300014495849609e+01
1.248349952697753906e+01
1.282950019836425781e+01
1.271599960327148438e+01
1.260050010681152344e+01
1.252999973297119141e+01
1.279599952697753906e+01
1.302350044250488281e+01
1.292549991607666016e+01
1.295300006866455078e+01
1.254800033569335938e+01
1.224950027465820312e+01
1.221100044250488281e+01
1.211800003051757812e+01
1.220899963378906250e+01
1.219699954986572266e+01
1.237450027465820312e+01
1.224250030517578125e+01
1.200000000000000000e+01
1.168900012969970703e+01
1.171549987792968750e+01
1.142450046539306641e+01
1.114599990844726562e+01
1.191199970245361328e+01
1.164449977874755859e+01
1.160700035095214844e+01
1.162100028991699219e+01
1.171650028228759766e+01
1.187800025939941406e+01
1.160299968719482422e+01
1.136750030517578125e+01
1.131550025939941406e+01
1.132349967956542969e+01
1.132999992370605469e+01
1.114750003814697266e+01
1.102999973297119141e+01
1.126150035858154297e+01
1.148550033569335938e+01
1.168900012969970703e+01
1.190149974822998047e+01
1.199400043487548828e+01
1.218099975585937500e+01
1.217000007629394531e+01
1.235550022125244141e+01
1.256350040435791016e+01
1.260249996185302734e+01
1.251650047302246094e+01
1.262450027465820312e+01
1.269799995422363281e+01
1.266849994659423828e+01
1.266349983215332031e+01
1.238850021362304688e+01
1.253450012207031250e+01
1.258800029754638672e+01
1.256250000000000000e+01
1.245950031280517578e+01
1.269299983978271484e+01
1.302000045776367188e+01
1.289949989318847656e+01
1.307499980926513672e+01
1.284599971771240234e+01
1.293099975585937500e+01
1.243150043487548828e+01
1.241549968719482422e+01
1.225899982452392578e+01
1.254349994659423828e+01
1.286550045013427734e+01
1.292399978637695312e+01
1.295750045776367188e+01
1.342300033569335938e+01
1.331900024414062500e+01
1.331750011444091797e+01
1.326700019836425781e+01
1.339700031280517578e+01
1.363650035858154297e+01
1.359500026702880859e+01
1.344649982452392578e+01
1.352400016784667969e+01
1.360599994659423828e+01
1.350949954986572266e+01
1.340550041198730469e+01
1.367300033569335938e+01
1.419950008392333984e+01
1.380200004577636719e+01
1.301749992370605469e+01
1.363799953460693359e+01
1.327499961853027344e+01
1.325000000000000000e+01
1.299899959564208984e+01
1.334449958801269531e+01
1.311100006103515625e+01
1.301150035858154297e+01
1.309749984741210938e+01
1.286050033569335938e+01
1.293500041961669922e+01
1.347350025177001953e+01
1.346199989318847656e+01
1.325450038909912109e+01
1.348750019073486328e+01
1.332050037384033203e+01
1.329699993133544922e+01
1.327099990844726562e+01
1.299349975585937500e+01
1.296800041198730469e+01
1.316250038146972656e+01
1.321350002288818359e+01
1.328699970245361328e+01
1.365550041198730469e+01
1.377950000762939453e+01
1.368949985504150391e+01
1.369400024414062500e+01
1.370950031280517578e+01
1.356200027465820312e+01
1.370650005340576172e+01
1.375500011444091797e+01
1.328699970245361328e+01
1.309099960327148438e+01
1.289449977874755859e+01
1.282050037384033203e+01
1.286400032043457031e+01
1.266950035095214844e+01
1.288749980926513672e+01
1.280099964141845703e+01
1.301550006866455078e+01
1.326500034332275391e+01
1.332450008392333984e+01
1.308049964904785156e+01
1.316600036621093750e+01
1.295149993896484375e+01
1.295400047302246094e+01
1.277400016784667969e+01
1.294750022888183594e+01
1.305700016021728516e+01
1.323849964141845703e+01
1.349250030517578125e+01
1.364350032806396484e+01
1.338599967956542969e+01
1.361699962615966797e+01
1.336999988555908203e+01
1.297099971771240234e+01
1.301599979400634766e+01
1.317749977111816406e+01
1.344499969482421875e+01
1.343900012969970703e+01
1.373499965667724609e+01
1.274050045013427734e+01
1.248700046539306641e+01
1.269050025939941406e+01
1.241149997711181641e+01
1.262749958038330078e+01
1.290250015258789062e+01
1.278600025177001953e+01
1.288650035858154297e+01
1.293400001525878906e+01
1.300800037384033203e+01
1.318150043487548828e+01
1.322550010681152344e+01
1.341650009155273438e+01
1.332800006866455078e+01
1.320600032806396484e+01
1.349499988555908203e+01
1.338150024414062500e+01
1.344299983978271484e+01
1.314799976348876953e+01
1.309000015258789062e+01
1.308699989318847656e+01
1.336450004577636719e+01
1.327649974822998047e+01
1.334150028228759766e+01
1.346000003814697266e+01
1.334399986267089844e+01
1.328499984741210938e+01
1.335849952697753906e+01
1.339150047302246094e+01
1.384350013732910156e+01
1.405350017547607422e+01
1.373900032043457031e+01
1.358349990844726562e+01
1.378950023651123047e+01
1.369950008392333984e+01
1.390299987792968750e+01
1.408800029754638672e+01
1.390799999237060547e+01
1.367199993133544922e+01
1.366800022125244141e+01
1.353050041198730469e+01
1.360449981689453125e+01
1.387849998474121094e+01
1.387749958038330078e+01
1.388449954986572266e+01
1.410499954223632812e+01
1.418649959564208984e+01
1.420149993896484375e+01
1.429399967193603516e+01
1.452950000762939453e+01
1.457649993896484375e+01
1.461649990081787109e+01
1.498299980163574219e+01
1.537749958038330078e+01
1.532849979400634766e+01
1.534350013732910156e+01
1.543449974060058594e+01
1.520549964904785156e+01
1.526150035858154297e+01
1.517399978637695312e+01
1.505300045013427734e+01
1.494699954986572266e+01
1.517000007629394531e+01
1.560050010681152344e+01
1.530500030517578125e+01
1.512049961090087891e+01
1.506099987030029297e+01
1.527849960327148438e+01
1.521049976348876953e+01
1.504950046539306641e+01
1.503750038146972656e+01
1.484549999237060547e+01
1.478699970245361328e+01
1.486299991607666016e+01
1.483450031280517578e+01
1.469849967956542969e+01
1.456700038909912109e+01
1.432349967956542969e+01
1.424100017547607422e+01
1.427849960327148438e+01
1.435449981689453125e+01
1.422850036621093750e+01
1.448649978637695312e+01
1.450049972534179688e+01
1.431050014495849609e+01
1.404650020599365234e+01
1.407900047302246094e+01
1.419900035858154297e+01
1.404899978637695312e+01
1.443999958038330078e+01
1.468200016021728516e+01
1.470499992370605469e+01
1.479300022125244141e+01
1.498550033569335938e+01
1.501799964904785156e+01
1.498200035095214844e+01
1.494299983978271484e+01
1.489599990844726562e+01
1.480300045013427734e+01
1.520849990844726562e+01
1.560149955749511719e+01
1.560299968719482422e+01
1.581700038909912109e+01
1.557450008392333984e+01
1.570650005340576172e+01
1.563249969482421875e+01
1.590600013732910156e+01
1.580049991607666016e+01
1.563199996948242188e+01
1.604750061035156250e+01
1.602549934387207031e+01
1.573799991607666016e+01
1.595199966430664062e+01
1.550150012969970703e+01
1.516149997711181641e+01
1.491149997711181641e+01
1.525850009918212891e+01
1.554450035095214844e+01
1.553499984741210938e+01
1.531999969482421875e+01
1.552449989318847656e+01
1.553849983215332031e+01
1.644650077819824219e+01
1.632200050354003906e+01
1.662700080871582031e+01
1.633799934387207031e+01
1.661050033569335938e+01
1.816950035095214844e+01
1.790800094604492188e+01
1.813500022888183594e+01
1.805400085449218750e+01
1.820149993896484375e+01
1.795000076293945312e+01
1.793700027465820312e+01
1.794449996948242188e+01
1.780900001525878906e+01
1.717799949645996094e+01
1.751549911499023438e+01
1.771899986267089844e+01
1.747649955749511719e+01
1.781100082397460938e+01
1.837000083923339844e+01
1.845849990844726562e+01
1.830900001525878906e+01
1.824699974060058594e+01
1.812849998474121094e+01
1.844599914550781250e+01
1.861549949645996094e+01
1.883200073242187500e+01
1.906850051879882812e+01
1.933550071716308594e+01
1.968099975585937500e+01
1.961499977111816406e+01
1.923299980163574219e+01
1.929800033569335938e+01
1.922450065612792969e+01
1.934749984741210938e+01
1.924449920654296875e+01
1.938899993896484375e+01
1.910950088500976562e+01
1.906250000000000000e+01
1.921199989318847656e+01
1.944849967956542969e+01
1.938249969482421875e+01
1.979800033569335938e+01
1.975950050354003906e+01
2.011000061035156250e+01
2.014599990844726562e+01
1.995999908447265625e+01
2.021949958801269531e+01
1.990399932861328125e+01
1.966850090026855469e+01
1.993950080871582031e+01
1.989850044250488281e+01
1.982200050354003906e+01
1.968149948120117188e+01
1.990150070190429688e+01
2.009600067138671875e+01
2.005050086975097656e+01
1.988299942016601562e+01
1.954899978637695312e+01
1.987700080871582031e+01
1.979350090026855469e+01
1.979000091552734375e+01
1.998049926757812500e+01
2.035250091552734375e+01
2.022699928283691406e+01
1.999349975585937500e+01
1.937999916076660156e+01
1.931399917602539062e+01
1.972150039672851562e+01
1.920999908447265625e+01
2.015049934387207031e+01
1.793449974060058594e+01
1.730750083923339844e+01
1.739749908447265625e+01
1.732250022888183594e+01
1.772949981689453125e+01
1.805400085449218750e+01
1.804350090026855469e+01
1.808950042724609375e+01
1.746249961853027344e+01
1.786000061035156250e+01
1.786750030517578125e+01
1.768250083923339844e+01
1.736899948120117188e+01
1.748999977111816406e+01
1.733799934387207031e+01
1.758900070190429688e+01
1.791600036621093750e+01
1.798999977111816406e+01
1.800650024414062500e+01
1.810499954223632812e+01
1.798900032043457031e+01
1.819499969482421875e+01
1.861849975585937500e+01
1.860799980163574219e+01
1.860300064086914062e+01
1.852650070190429688e+01
1.844099998474121094e+01
1.853199958801269531e+01
1.857550048828125000e+01
1.868700027465820312e+01
1.875200080871582031e+01
1.893849945068359375e+01
1.866150093078613281e+01
1.844849967956542969e+01
1.803100013732910156e+01
1.759250068664550781e+01
1.773550033569335938e+01
1.717049980163574219e+01
1.692350006103515625e+01
1.691449928283691406e+01
1.681850051879882812e+01
1.714949989318847656e+01
1.709799957275390625e+01
1.668099975585937500e+01
1.614999961853027344e+01
1.588799953460693359e+01
1.635350036621093750e+01
1.659049987792968750e+01
1.585550022125244141e+01
1.558650016784667969e+01
1.579549980163574219e+01
1.580399990081787109e+01
1.618400001525878906e+01
1.624550056457519531e+01
1.654350090026855469e+01
1.646599960327148438e+01
1.622900009155273438e+01
1.685750007629394531e+01
1.519149971008300781e+01
1.482900047302246094e+01
1.501900005340576172e+01
1.520650005340576172e+01
1.539449977874755859e+01
1.540050029754638672e+01
1.550249958038330078e+01
1.486900043487548828e+01
1.463549995422363281e+01
1.441600036621093750e+01
1.461200046539306641e+01
1.514299964904785156e+01
1.523200035095214844e+01
1.488099956512451172e+01
1.475949954986572266e+01
1.488500022888183594e+01
1.483800029754638672e+01
1.505949974060058594e+01
1.525049972534179688e+01
1.524549961090087891e+01
1.561200046539306641e+01
1.554100036621093750e+01
1.550800037384033203e+01
1.568900012969970703e+01
1.562749958038330078e+01
1.544200038909912109e+01
1.535949993133544922e+01
1.533899974822998047e+01
1.617849922180175781e+01
1.648349952697753906e+01
1.637500000000000000e+01
1.662050056457519531e+01
1.676000022888183594e+01
1.629549980163574219e+01
1.631349945068359375e+01
1.638100051879882812e+01
1.628100013732910156e+01
1.671899986267089844e+01
1.635000038146972656e+01
1.620999908447265625e+01
1.636199951171875000e+01
1.620800018310546875e+01
1.637199974060058594e+01
1.628450012207031250e+01
1.622850036621093750e+01
1.623900032043457031e+01
1.661949920654296875e+01
1.664249992370605469e+01
1.687450027465820312e+01
1.667749977111816406e+01
1.619050025939941406e+01
1.649850082397460938e+01
1.639599990844726562e+01
1.730999946594238281e+01
1.776600074768066406e+01
1.772200012207031250e+01
1.779500007629394531e+01
1.762249946594238281e+01
1.793300056457519531e+01
1.798800086975097656e+01
1.804199981689453125e+01
1.790699958801269531e+01
1.793050003051757812e+01
1.620050048828125000e+01
1.602050018310546875e+01
1.600000000000000000e+01
1.612549972534179688e+01
1.564949989318847656e+01
1.535299968719482422e+01
1.568249988555908203e+01
1.561600017547607422e+01
1.569449996948242188e+01
1.557250022888183594e+01
1.584000015258789062e+01
1.591650009155273438e+01
1.596599960327148438e+01
1.631399917602539062e+01
1.666049957275390625e+01
1.668149948120117188e+01
1.672649955749511719e+01
1.675650024414062500e+01
1.678899955749511719e+01
1.664550018310546875e+01
1.657950019836425781e+01
1.670100021362304688e+01
1.709149932861328125e+01
1.715900039672851562e+01
1.700099945068359375e+01
1.695199966430664062e+01
1.711899948120117188e+01
1.695000076293945312e+01
1.729750061035156250e+01
1.731900024414062500e+01
1.711700057983398438e+01
1.648749923706054688e+01
1.656649971008300781e+01
1.652599906921386719e+01
1.655949974060058594e+01
1.619449996948242188e+01
1.638800048828125000e+01
1.620000076293945312e+01
1.625000000000000000e+01
1.656599998474121094e+01
1.622500038146972656e+01
1.618149948120117188e+01
1.641049957275390625e+01
1.609650039672851562e+01
1.616049957275390625e+01
1.609099960327148438e+01
1.612199974060058594e+01
1.587300014495849609e+01
1.592049980163574219e+01
1.613699913024902344e+01
1.611000061035156250e+01
1.584899997711181641e+01
1.613500022888183594e+01
1.576850032806396484e+01
1.556949996948242188e+01
1.532250022888183594e+01
1.541549968719482422e+01
1.529850006103515625e+01
1.514299964904785156e+01
1.518200016021728516e+01
1.531050014495849609e+01
1.576650047302246094e+01
1.564850044250488281e+01
1.565900039672851562e+01
1.435299968719482422e+01
1.449849987030029297e+01
1.477950000762939453e+01
1.470600032806396484e+01
1.495349979400634766e+01
1.527299976348876953e+01
1.528600025177001953e+01
1.514050006866455078e+01
1.482600021362304688e+01
1.483199977874755859e+01
1.499300003051757812e+01
1.525549983978271484e+01
1.560050010681152344e+01
1.557549953460693359e+01
1.582400035858154297e+01
1.639100074768066406e+01
1.615250015258789062e+01
1.624650001525878906e+01
1.632699966430664062e+01
1.652700042724609375e+01
1.663150024414062500e+01
1.678199958801269531e+01
1.675200080871582031e+01
1.667849922180175781e+01
1.693199920654296875e+01
1.629999923706054688e+01
1.631550025939941406e+01
1.582499980926513672e+01
1.584650039672851562e+01
1.563150024414062500e+01
1.533199977874755859e+01
1.562500000000000000e+01
1.529199981689453125e+01
1.536800003051757812e+01
1.536600017547607422e+01
1.530350017547607422e+01
1.475300025939941406e+01
1.494400024414062500e+01
1.488650035858154297e+01
1.499499988555908203e+01
1.532699966430664062e+01
1.531449985504150391e+01
1.515149974822998047e+01
1.545450019836425781e+01
1.560200023651123047e+01
1.551500034332275391e+01
1.551749992370605469e+01
